417.600923 1.226505
434.617239 1.028888
422.098388 0.630209
422.098388 0.600374
422.098388 0.604655
434.704119 0.598400
417.600923 0.603360
417.600923 0.600897
434.617239 0.603342
434.617239 0.601701
422.098388 0.606234
434.617239 0.595694
434.617239 0.599699
417.600923 0.601644
417.600923 0.604750
422.098388 0.602464
434.617239 1.228612
422.098388 1.228781
422.098388 0.877580
434.617239 0.603296
422.098388 0.597221
422.098388 0.602385
422.098388 0.598115
422.098388 0.601848
434.617239 0.602423
422.098388 0.597762
422.098388 0.608013
422.098388 0.599546
422.098388 0.605141
434.617239 0.612895
417.600923 1.237068
434.617239 1.230295
417.600923 0.876832
422.098388 0.603299
434.617239 0.602542
434.617239 0.606985
422.098388 0.606405
422.098388 1.246043
434.617239 1.235782
430.494639 0.880005
422.098388 0.604223
422.098388 0.597079
422.098388 0.598528
422.098388 0.609688
422.098388 0.599488
422.098388 1.236477
422.098388 1.227484
434.617239 0.876233
434.617239 0.607088
422.098388 0.605003
422.098388 0.609629
417.600923 0.601954
422.098388 0.600260
422.098388 1.242606
422.098388 1.237929
422.098388 1.021026
422.098388 0.624614
422.098388 0.601579
422.098388 0.600566
434.617239 0.603071
434.617239 0.608122
422.098388 0.600228
422.098388 0.599679
417.600923 0.600907
417.600923 0.604253
417.600923 0.601630
434.617239 0.600322
422.098388 0.603048
422.098388 0.599645
417.600923 0.600184
417.600923 0.615867
417.600923 0.598231
417.600923 0.599310
417.600923 0.598771
422.098388 0.599064
422.098388 0.601792
422.098388 0.601690
422.098388 0.604699
422.098388 0.602608
422.098388 0.603212
422.098388 0.606765
422.098388 0.600904
417.600923 0.599587
417.600923 0.600464
434.617239 0.601074
434.617239 0.602202
422.098388 0.601242
434.617239 0.601135
434.617239 0.601496
417.600923 0.607737
417.600923 0.601345
422.098388 0.606277
417.600923 0.616371
417.600923 0.601755
422.098388 0.609198
425.810137 0.603117
425.810137 0.596797
434.617239 0.602743
434.617239 0.603723
434.617239 0.602345
417.600923 0.602907
417.600923 0.601974
417.600923 0.604383
417.600923 0.600978
422.098388 0.598492
417.600923 0.602846
417.600923 0.604912
422.098388 0.598448
422.098388 0.599083
422.098388 0.602896
422.098388 0.606082
422.098388 0.599592
422.098388 0.605194
422.098388 0.604522
434.617239 0.607170
422.098388 0.605490
422.098388 0.616570
434.617239 0.596349
422.098388 0.597931
422.098388 0.608328
422.098388 0.600305
422.098388 0.609902
422.098388 0.600937
422.098388 0.610902
422.098388 0.604760
434.617239 0.596358
434.617239 0.599629
422.098388 0.601683
422.098388 0.598427
422.098388 0.598796
417.600923 0.599070
417.600923 0.601836
417.600923 0.599779
417.600923 0.599908
417.600923 0.604805
422.098388 0.602654
422.098388 0.599406
434.617239 1.240659
422.098388 1.228743
417.600923 0.880624
417.600923 0.604128
417.600923 0.617973
422.098388 0.598766
422.098388 0.598855
422.098388 0.622339
422.098388 0.601071
422.098388 1.239351
422.098388 1.235251
422.098388 1.025146
434.617239 0.629015
434.617239 0.610760
434.617239 0.604517
434.617239 0.603720
422.098388 0.599248
422.098388 0.605081
422.098388 0.603620
434.617239 0.605597
434.617239 0.607699
434.617239 0.620907
422.098388 1.235607
434.617239 1.222802
417.600923 0.883610
417.600923 0.603832
434.617239 0.602183
434.617239 1.244798
422.098388 1.230622
434.617239 1.031054
434.617239 0.627156
434.617239 0.607761
417.600923 0.598960
422.098388 0.607521
422.098388 0.601036
434.617239 0.606121
422.098388 0.598534
422.098388 0.600201
422.098388 0.611846
422.098388 0.619321
434.617239 0.606854
417.600923 0.603194
417.600923 0.604729
434.617239 0.602573
434.617239 1.239040
422.098388 1.233735
434.617239 0.873832
422.098388 0.602993
422.098388 0.600072
434.617239 0.596471
422.098388 0.600362
422.098388 0.596535
422.098388 0.604165
422.098388 0.599310
417.600923 0.600666
434.617239 0.606450
434.617239 0.600959
422.098388 0.596947
422.098388 0.600826
422.098388 0.608566
417.600923 0.598045
417.600923 0.600860
422.098388 0.600972
422.098388 0.604212
434.617239 0.607152
422.098388 0.600508
422.098388 0.597934
434.617239 0.601186
422.098388 0.597970
422.098388 0.602538
422.098388 0.599527
422.098388 0.599291
422.098388 0.609538
434.617239 0.597155
434.617239 0.606220
422.098388 1.236816
417.600923 1.236473
422.098388 0.876053
422.098388 0.610306
417.600923 0.621561
417.600923 0.606990
417.600923 0.602457
417.600923 0.603349
417.600923 0.600358
422.098388 0.602950
422.098388 0.605989
417.600923 0.604718
422.098388 0.601044
422.098388 0.609964
417.600923 0.598043
417.600923 0.599041
417.600923 0.601254
422.098388 0.601008
422.098388 0.604313
422.098388 0.608392
422.098388 0.597573
422.098388 0.610391
434.617239 0.614564
434.617239 0.599945
434.617239 0.598275
434.617239 0.605330
434.617239 0.603004
417.600923 0.598246
417.600923 0.607790
434.617239 0.600464
434.617239 0.601194
434.617239 0.598537
434.617239 0.604108
434.617239 0.601220
422.098388 0.602798
461.961250 0.603689
461.961250 0.598465
422.098388 0.614989
422.098388 0.613786
417.600923 0.601120
422.098388 1.239706
425.510187 1.237096
434.617239 1.029932
422.098388 1.235296
461.961250 1.012080
434.617239 0.623501
461.961250 0.606977
422.098388 0.613542
422.098388 0.605553
422.098388 0.602186
422.098388 0.598329
434.617239 0.597145
422.098388 0.599229
422.098388 0.599582
417.600923 0.598872
422.098388 0.599814
422.098388 0.596524
422.098388 0.602428
422.098388 0.602216
434.617239 0.594597
461.961250 0.598541
461.961250 0.598111
422.098388 0.600024
422.098388 0.605549
422.098388 0.598361
422.098388 0.604673
422.098388 0.604399
422.098388 0.599438
422.098388 0.604450
422.098388 0.601354
434.617239 0.595019
434.617239 0.596167
434.617239 0.602658
434.617239 0.600221
417.600923 0.606002
422.098388 0.604870
422.098388 0.597706
422.098388 0.603752
422.098388 0.599570
422.098388 0.603109
422.098388 0.601910
422.098388 0.609195
422.098388 0.603868
422.098388 0.600581
434.617239 0.595482
422.098388 1.248349
422.098388 1.233331
417.600923 0.879967
434.617239 0.600455
422.098388 0.607760
422.098388 0.603063
417.600923 0.599356
417.600923 0.601076
417.600923 1.250172
434.617239 1.223930
434.617239 0.880418
434.617239 0.599566
434.617239 0.607671
461.961250 0.611120
461.961250 0.600951
434.704119 0.599253
434.617239 0.600340
434.617239 0.600471
417.600923 0.597725
417.600923 1.251592
434.617239 1.248340
461.961250 1.016330
434.617239 0.621859
434.617239 0.594587
417.600923 0.602642
434.617239 0.596933
434.617239 0.596317
417.600923 0.608560
417.600923 0.600887
417.600923 0.606860
417.600923 0.604823
417.600923 0.608154
434.617239 0.599715
422.098388 0.597464
422.098388 0.607545
422.098388 0.599798
422.098388 0.606119
417.600923 0.603801
422.098388 0.614047
422.098388 0.598505
422.098388 0.599903
422.098388 0.597853
434.617239 0.615845
434.617239 0.600429
434.617239 0.600606
422.098388 0.598957
422.098388 0.597586
422.098388 0.599622
417.600923 0.599889
417.600923 0.602722
422.098388 0.604283
422.098388 0.602752
434.617239 0.600115
434.617239 1.244320
422.098388 1.227263
417.600923 0.885986
417.600923 0.615367
422.098388 0.597877
422.098388 0.602530
422.098388 0.598416
422.098388 0.601254
422.098388 0.598409
422.098388 1.249049
417.600923 1.222107
422.098388 1.028136
417.600923 1.231860
417.600923 1.229033
417.600923 0.897042
417.600923 1.242208
422.098388 1.022121
422.098388 0.625179
422.098388 0.598846
434.617239 0.600793
434.617239 0.604973
434.617239 0.597245
417.600923 0.598332
422.098388 0.604443
422.098388 0.599631
434.617239 0.599847
434.617239 0.602498
422.098388 0.600782
417.600923 0.598254
417.600923 0.599681
422.098388 0.598421
422.098388 0.613013
434.617239 0.598042
417.600923 0.599668
417.600923 0.599866
417.600923 0.601088
417.600923 0.600149
422.098388 0.612106
422.098388 1.234989
417.600923 1.227566
417.600923 1.237742
417.600923 1.025020
434.617239 0.632928
434.617239 0.601482
422.098388 0.600275
422.098388 0.599430
417.600923 0.600187
417.600923 1.239613
461.961250 1.228955
422.098388 1.025888
417.600923 0.624832
434.617239 0.594412
434.617239 0.594943
422.098388 0.610723
422.098388 0.604076
434.617239 0.595123
422.098388 0.599882
422.098388 0.596695
434.617239 1.249830
417.600923 1.241306
434.617239 1.236771
417.600923 1.025404
434.617239 0.626137
434.617239 0.601219
417.600923 0.599150
417.600923 0.601942
422.098388 0.599896
434.704119 0.603577
434.704119 0.603259
422.098388 0.607586
422.098388 0.596598
417.600923 0.602303
417.600923 0.599875
417.600923 0.602562
434.617239 0.605218
434.617239 0.602788
422.098388 0.601830
422.098388 0.597737
422.098388 0.599935
422.098388 0.599478
422.098388 0.598175
422.098388 0.619023
434.617239 0.602484
434.617239 0.601462
422.098388 0.600128
434.617239 0.602443
434.617239 0.599713
434.617239 0.608969
434.617239 0.604398
417.600923 0.602869
422.098388 0.598162
422.098388 0.600460
422.098388 0.604736
422.098388 1.234450
417.600923 1.236539
422.098388 1.022243
422.098388 0.623422
422.098388 0.599402
422.098388 0.601992
422.098388 1.241223
422.098388 1.032574
422.098388 0.622259
417.600923 0.602713
417.600923 0.599887
417.600923 0.600733
417.600923 0.599594
417.600923 0.600275
417.600923 0.598385
417.600923 0.598702
417.600923 0.602406
422.098388 0.600515
422.098388 0.601730
422.098388 0.598858
422.098388 0.608472
422.098388 0.608748
417.600923 0.598874
417.600923 0.598877
422.098388 0.601224
422.098388 0.605279
434.617239 0.603033
422.098388 0.597190
422.098388 1.243395
417.600923 1.237248
434.617239 1.023142
422.098388 0.631990
422.098388 1.241343
422.098388 1.234791
445.243375 1.229436
434.617239 0.928909
434.617239 0.615946
417.600923 0.598163
417.600923 0.604667
434.617239 0.602310
434.617239 0.611555
422.098388 0.597730
422.098388 0.600505
422.098388 0.602622
434.617239 0.602978
434.617239 1.239391
422.098388 1.230560
422.098388 1.029697
422.098388 0.624157
422.098388 1.242977
434.617239 1.020547
434.617239 0.629126
422.098388 0.599959
422.098388 1.237257
422.098388 1.234950
417.600923 0.886475
417.600923 0.607455
417.600923 0.604837
422.098388 0.604207
422.098388 0.598157
422.098388 0.600110
434.617239 0.602887
434.617239 0.596328
422.098388 0.598332
422.098388 0.600238
422.098388 0.605984
422.098388 0.602037
422.098388 0.618899
434.617239 1.230333
417.600923 1.231885
422.098388 0.878159
417.600923 0.601541
422.098388 0.597129
422.098388 0.599296
422.098388 0.603336
422.098388 0.598402
422.098388 0.601019
422.098388 0.597403
422.098388 0.613354
422.098388 0.602353
417.600923 0.606221
417.600923 0.602526
422.098388 0.601946
422.098388 0.605267
417.600923 1.227214
422.098388 1.233243
422.098388 0.876041
422.098388 0.605534
434.617239 0.600732
422.098388 0.603379
422.098388 0.602159
434.617239 0.596040
434.617239 0.595467
434.617239 0.595941
422.098388 0.598561
422.098388 0.613503
422.098388 0.601307
422.098388 0.605590
422.098388 0.610717
434.617239 0.613393
434.617239 0.602928
422.098388 0.604095
434.617239 0.599816
434.617239 0.600095
417.600923 0.603002
417.600923 0.599902
434.617239 0.620372
417.600923 0.599485
417.600923 0.599727
422.098388 0.600995
422.098388 0.596889
422.098388 0.606661
422.098388 0.607127
422.098388 0.604037
422.098388 0.607892
422.098388 0.600869
434.617239 0.601013
422.098388 0.598175
422.098388 0.598872
422.098388 1.245779
422.098388 1.251911
422.098388 0.870414
422.098388 0.604689
417.600923 0.600263
417.600923 0.601342
434.617239 0.597685
422.098388 0.597957
422.098388 0.602333
422.098388 0.601673
422.098388 0.603699
422.098388 0.598024
434.617239 0.602414
434.617239 0.603203
434.617239 0.600900
422.098388 0.602160
422.098388 0.601748
417.600923 0.601031
417.600923 0.601185
422.098388 0.600639
422.098388 0.605754
422.098388 0.598352
434.617239 0.600947
434.617239 0.608452
422.098388 0.599481
422.098388 0.600515
422.098388 0.598655
417.600923 0.606254
417.600923 0.601547
417.600923 0.601162
422.098388 0.605329
422.098388 0.600535
422.098388 0.599054
422.098388 0.599643
434.617239 0.604025
422.098388 0.604592
422.098388 0.600475
422.098388 0.599800
422.098388 0.600930
422.098388 0.605582
417.600923 0.614118
417.600923 0.607973
422.098388 0.600757
434.617239 0.600846
434.617239 0.624649
434.617239 0.596894
434.617239 0.623275
422.098388 1.239552
422.098388 1.232758
422.098388 0.877369
417.600923 0.602472
434.617239 1.239674
434.617239 1.234190
417.600923 0.889089
430.017127 0.601665
417.600923 1.244951
422.098388 1.275150
422.098388 0.872771
422.098388 0.599521
434.617239 0.596123
434.617239 0.599956
434.617239 0.602403
434.617239 0.598551
434.617239 0.595782
422.098388 0.602027
422.098388 0.605849
422.098388 0.599778
417.600923 0.603692
417.600923 0.603213
434.617239 0.605322
434.617239 1.230988
417.600923 1.233694
417.600923 1.025595
434.617239 0.627905
434.617239 0.602522
434.617239 0.599876
422.098388 0.609360
422.098388 0.598674
422.098388 0.599295
417.600923 0.602415
417.600923 0.599000
422.098388 0.611271
434.617239 0.603654
434.617239 0.600295
434.617239 0.604132
434.617239 0.596726
417.600923 0.611823
417.600923 0.601046
417.600923 0.600870
422.098388 0.598560
422.098388 0.602650
422.098388 0.610242
434.617239 0.609690
434.617239 0.597560
434.617239 0.601451
434.617239 0.602345
434.617239 0.602836
434.617239 0.599720
434.617239 0.607296
422.098388 0.608426
422.098388 0.600948
422.098388 0.599541
417.600923 0.598170
417.600923 0.600784
422.098388 0.615244
430.017127 0.599959
430.017127 0.602885
434.617239 0.600921
434.617239 0.610605
417.600923 0.600477
422.098388 0.600652
422.098388 0.608440
434.617239 0.602660
434.617239 0.603655
417.600923 0.598214
417.600923 0.614276
417.600923 0.603196
434.617239 0.602483
434.617239 0.602459
434.617239 0.607940
422.098388 0.614869
422.098388 0.609075
434.617239 0.603147
434.617239 0.600009
434.617239 0.596761
422.098388 0.601842
422.098388 0.604629
434.617239 0.599177
434.617239 0.605677
434.617239 0.601286
422.098388 0.598541
422.098388 0.611730
422.098388 1.247617
417.600923 1.234231
434.617239 0.876216
434.617239 0.609659
422.098388 0.602163
422.098388 0.600156
422.098388 0.599430
422.098388 0.599505
422.098388 0.601753
422.098388 0.597643
422.098388 0.598813
422.098388 0.616267
434.617239 0.605412
434.617239 0.598948
422.098388 0.598406
422.098388 0.606051
422.098388 0.615543
417.600923 0.608549
422.098388 0.598107
422.098388 0.603032
434.617239 0.599071
434.617239 0.596630
422.098388 0.600376
422.098388 0.602381
422.098388 0.603556
422.098388 1.238051
422.098388 1.020743
422.098388 0.624520
422.098388 0.609141
422.098388 0.598894
422.098388 0.604411
417.600923 0.599988
417.600923 1.234924
422.098388 1.238126
417.600923 0.877220
417.600923 0.600663
434.617239 0.604797
417.600923 0.615063
417.600923 0.605058
422.098388 0.610239
422.098388 0.598870
422.098388 0.599905
434.617239 0.604793
434.617239 0.601007
422.098388 0.596672
422.098388 0.598852
422.098388 0.602513
422.098388 0.604899
422.098388 0.604335
422.098388 0.600996
434.617239 0.609189
434.617239 0.601772
434.617239 0.600906
434.617239 0.602904
417.600923 0.604902
434.617239 0.596600
434.617239 0.596110
417.600923 0.600106
417.600923 0.603709
434.617239 0.604275
422.098388 0.601184
422.098388 0.602855
434.617239 0.599135
434.617239 0.605078
434.617239 0.598301
422.098388 0.598043
422.098388 0.602113
422.098388 0.600914
422.098388 0.601885
422.098388 0.604248
417.600923 0.602874
417.600923 0.600138
422.098388 0.600417
417.600923 0.600918
417.600923 0.601826
422.098388 0.599101
422.098388 0.598781
422.098388 0.610675
417.600923 0.600856
417.600923 0.600077
434.617239 0.603161
434.617239 0.606094
434.617239 0.604930
422.098388 0.600818
422.098388 0.596692
422.098388 0.601545
422.098388 0.598629
434.617239 0.600130
434.617239 0.600550
434.617239 0.602942
434.617239 0.597639
434.617239 0.595818
422.098388 0.597243
417.600923 0.601300
417.600923 0.612286
434.617239 0.600159
434.617239 0.607438
417.600923 0.606534
434.617239 0.595150
434.617239 0.595594
417.600923 0.607372
434.617239 0.608733
434.617239 0.602857
417.600923 0.626597
417.600923 0.601854
434.617239 0.599887
422.098388 0.597922
422.098388 0.607011
422.098388 0.608109
422.098388 0.598395
417.600923 0.599536
417.600923 0.614737
417.600923 0.607793
422.098388 0.601848
422.098388 0.639409
422.098388 0.602802
422.098388 0.607271
422.098388 0.598905
434.617239 0.601353
434.617239 0.603390
434.617239 0.601542
422.098388 0.597157
422.098388 0.596999
461.961250 0.602125
417.600923 0.602054
417.600923 0.612108
422.098388 0.606209
422.098388 0.600867
417.600923 0.620642
422.098388 0.609080
422.098388 0.619106
434.617239 0.606123
434.617239 0.598031
422.098388 0.598427
434.617239 0.601138
434.617239 0.599877
422.098388 0.620872
417.600923 0.605360
417.600923 0.605473
434.617239 0.601866
434.617239 0.599811
422.098388 0.597456
422.098388 0.598597
422.098388 0.598855
422.098388 0.607268
422.098388 0.604303
422.098388 0.598692
434.617239 0.599943
434.617239 0.604318
422.098388 0.599941
422.098388 0.616197
434.617239 0.609514
422.098388 0.600610
422.098388 0.625370
422.098388 0.597582
422.098388 0.597740
434.617239 0.612804
434.704119 1.235699
434.617239 1.227256
422.098388 1.030640
417.600923 0.626588
461.961250 0.599660
461.961250 0.617576
417.600923 0.603056
417.600923 0.600554
417.600923 1.236077
422.098388 1.229723
422.098388 1.022772
422.098388 0.632980
422.098388 0.599173
422.098388 0.599564
422.098388 0.613241
422.098388 0.603203
422.098388 0.599004
422.098388 0.605440
422.098388 0.613957
434.617239 0.603776
434.617239 0.601348
417.600923 0.607107
417.600923 0.603823
417.600923 0.607755
422.098388 0.599042
422.098388 1.236598
434.617239 1.233176
422.098388 0.874668
417.600923 0.602651
417.600923 0.599719
422.098388 0.600260
422.098388 0.605366
422.098388 0.602734
417.600923 0.598021
417.600923 1.228249
422.098388 1.232113
417.600923 1.034067
422.098388 0.636546
422.098388 0.606674
434.617239 0.602522
422.098388 0.614238
422.098388 0.601025
422.098388 0.602261
434.617239 0.598346
434.617239 0.603688
434.617239 0.604942
434.617239 0.600719
441.484986 0.597162
434.617239 0.597009
434.617239 0.598157
422.098388 0.600166
422.098388 0.599653
422.098388 1.239877
434.617239 1.230147
417.600923 1.032133
434.617239 0.627888
422.098388 0.598517
417.600923 0.605009
417.600923 0.614079
434.617239 0.598438
422.098388 0.600007
422.098388 0.599020
422.098388 0.597050
422.098388 1.234793
417.600923 1.227526
434.617239 1.034269
422.098388 0.624247
422.098388 1.236537
422.098388 1.230319
422.098388 1.240852
422.098388 1.020519
437.869593 0.627895
417.600923 0.606862
417.600923 0.598915
417.600923 0.610406
417.600923 0.597203
417.600923 0.599666
417.600923 0.606602
417.600923 0.600683
417.600923 0.603848
434.617239 0.604377
434.617239 0.597282
422.098388 0.616501
422.098388 0.599494
422.098388 0.599015
422.098388 0.614738
422.098388 1.282907
422.098388 1.226523
422.098388 1.026106
422.098388 0.627289
434.617239 1.238728
434.617239 1.022958
422.098388 0.620553
417.600923 0.599946
417.600923 0.611060
422.098388 0.605943
422.098388 0.610788
422.098388 1.249710
422.098388 1.236963
434.617239 1.024377
422.098388 0.628491
422.098388 0.599368
422.098388 0.599983
422.098388 0.601429
417.600923 0.605472
461.961250 0.601862
461.961250 0.599863
417.600923 0.603941
417.600923 0.620859
417.600923 0.605551
434.617239 0.600375
434.617239 0.611728
417.600923 0.607767
417.600923 0.604025
417.600923 0.600501
422.098388 0.598100
422.098388 0.614508
417.600923 0.602248
417.600923 0.602908
422.098388 0.604464
434.617239 0.601962
434.617239 0.596367
434.617239 0.598419
422.098388 0.611588
422.098388 0.597039
422.098388 0.622746
422.098388 0.602615
422.098388 0.598927
417.600923 0.598700
417.600923 0.598734
417.600923 0.610979
417.600923 0.602213
422.098388 0.599463
417.600923 0.608112
417.600923 0.599829
417.600923 0.600426
417.600923 0.599356
422.098388 1.235308
417.600923 1.243646
422.098388 0.870402
422.098388 0.603142
434.617239 0.600075
417.600923 0.602969
417.600923 0.604436
434.617239 0.600127
434.617239 0.602046
417.600923 0.601450
422.098388 0.606734
422.098388 0.601100
