422.098388 4.247658
417.600923 4.244903
425.510187 4.277106
422.098388 4.241753
425.510187 4.238702
422.098388 3.174657
422.098388 3.160904
422.098388 3.156165
422.098388 3.159513
422.098388 3.164423
422.098388 3.161087
421.894793 3.160071
422.098388 3.153148
422.098388 3.153029
422.098388 3.156128
422.098388 4.249307
422.098388 4.240307
422.098388 3.159965
422.098388 3.157766
422.098388 4.249863
422.098388 4.247585
422.098388 4.247869
422.098388 3.156133
422.098388 4.242677
422.098388 4.239908
422.098388 3.159559
425.510187 3.161978
422.098388 4.252556
422.098388 3.157504
422.098388 3.165832
422.098388 4.243464
417.600923 4.242518
422.098388 3.156562
422.098388 3.155514
422.098388 3.158673
422.098388 3.165555
425.510187 3.156043
422.098388 3.172084
421.894793 4.242515
422.098388 4.246148
422.098388 3.152793
422.098388 3.159372
422.098388 3.153718
422.098388 4.244201
422.098388 4.237325
421.894793 3.151996
422.098388 3.159709
422.098388 3.160825
422.098388 3.153328
422.098388 3.153524
422.098388 3.156042
422.098388 3.160072
422.098388 3.148935
422.098388 3.153061
422.098388 4.249374
422.098388 4.240856
422.098388 3.161461
422.098388 3.151695
422.098388 3.156936
417.600923 3.174956
422.098388 3.164343
422.098388 4.246234
422.098388 4.236116
422.098388 3.213478
422.098388 3.153270
422.098388 3.155607
422.098388 3.160214
417.600923 3.154269
422.098388 3.155251
425.510187 3.152644
422.098388 3.159891
422.098388 3.154291
422.098388 3.161736
421.894793 3.158876
422.098388 3.161299
422.098388 3.165230
422.098388 3.153842
422.098388 3.152622
422.098388 3.185718
422.098388 3.149794
423.510023 3.164849
422.098388 3.155016
422.098388 4.246143
422.098388 4.241050
422.098388 3.152265
422.098388 3.160027
422.098388 3.167768
417.600923 3.154092
417.600923 3.156631
425.510187 3.159039
422.098388 3.153951
422.098388 3.166487
422.098388 3.155693
422.098388 3.177956
421.894793 3.161485
422.098388 3.172166
422.098388 3.167244
417.600923 3.171298
422.098388 3.155989
425.510187 3.198049
425.510187 3.166308
422.098388 3.163347
422.098388 3.160167
422.098388 3.156870
422.098388 3.162046
425.510187 3.169720
422.098388 3.154199
422.098388 3.160546
422.098388 3.155587
417.600923 3.169231
422.098388 3.159797
422.098388 3.151361
422.098388 4.242858
425.510187 4.238858
422.098388 3.164658
422.098388 3.158583
422.098388 3.154337
422.098388 3.155398
422.098388 4.245328
421.894793 4.244819
422.098388 3.156398
421.894793 3.154575
422.098388 4.248310
422.098388 4.239380
422.098388 3.186830
423.510023 3.160598
417.600923 3.167547
417.600923 3.161995
422.098388 3.157158
417.600923 3.152584
422.098388 3.165464
422.098388 3.159264
422.098388 3.163996
422.098388 3.161717
425.510187 4.246442
417.600923 4.240619
422.098388 3.151211
423.510023 3.160919
422.098388 3.156115
422.098388 3.156531
425.510187 4.243339
422.098388 4.244072
422.098388 3.162956
417.600923 3.153856
417.600923 3.159869
422.098388 3.185970
421.894793 3.163536
422.098388 3.154434
422.098388 3.160627
422.098388 3.167580
422.098388 3.158780
425.510187 3.158136
422.098388 3.154687
422.098388 3.157356
421.894793 4.241350
422.098388 4.243910
425.510187 3.154885
421.894793 3.163606
417.600923 3.153892
422.098388 3.156875
422.098388 3.160356
425.510187 3.151381
422.098388 3.163877
423.510023 3.151941
422.098388 3.154942
422.098388 3.161271
421.894793 3.165184
425.510187 4.251643
423.510023 4.234017
421.894793 3.157265
422.098388 3.156910
422.098388 3.160581
422.098388 3.158618
425.510187 3.190154
422.098388 3.158380
422.098388 4.243582
422.098388 4.253393
422.098388 3.151906
422.098388 3.166110
422.098388 3.167957
422.098388 3.153609
422.098388 3.163588
422.098388 3.159069
422.098388 3.153268
421.894793 3.154172
422.098388 4.245462
423.510023 4.240889
422.098388 3.154574
422.098388 3.154812
417.600923 3.156710
422.098388 3.158135
422.098388 3.156429
421.894793 4.245699
422.098388 4.235350
422.098388 3.154616
422.098388 3.155673
422.098388 3.196521
422.098388 4.243231
422.098388 4.234693
422.098388 4.238376
422.098388 4.234994
422.098388 4.237357
422.098388 4.239391
422.098388 3.157331
422.098388 3.183095
422.098388 3.166263
422.098388 3.161085
425.510187 3.156735
417.600923 3.168309
422.098388 4.246701
422.098388 4.238502
422.098388 3.155020
425.510187 3.156383
425.510187 3.154054
422.098388 4.251950
422.098388 4.236134
422.098388 3.156404
422.098388 3.162595
425.510187 3.163864
421.894793 3.156853
422.098388 3.158136
422.098388 3.157707
422.098388 3.150282
422.098388 3.157151
422.098388 3.151326
422.098388 3.155959
425.510187 4.245253
422.098388 4.244076
422.098388 3.167486
425.510187 3.150371
422.098388 3.164831
422.098388 3.155066
425.510187 3.156143
422.098388 3.157145
422.098388 3.154255
422.098388 3.171182
421.894793 3.160632
422.098388 3.168501
422.098388 3.155383
422.098388 3.152160
425.510187 3.160424
425.510187 4.254374
421.894793 4.235759
422.098388 3.162280
422.098388 3.192065
422.098388 3.155104
422.098388 3.153934
422.098388 3.152290
425.510187 3.157121
425.510187 3.153350
421.894793 3.246999
422.098388 3.161842
422.098388 3.157216
422.098388 3.160149
422.098388 3.173595
422.098388 3.154205
422.098388 3.157936
422.098388 3.156615
422.098388 3.159843
422.098388 3.156254
422.098388 3.153698
422.098388 3.151220
422.098388 3.157317
422.098388 3.154898
422.098388 3.157890
422.098388 3.156910
421.894793 3.152564
425.510187 3.181848
422.098388 3.152046
422.098388 3.166529
422.098388 3.152214
422.098388 3.156331
417.600923 3.158170
417.600923 3.154356
422.098388 3.159113
422.098388 3.171524
422.098388 3.154808
422.098388 3.155795
422.098388 4.243858
422.098388 4.235001
422.098388 3.161360
422.098388 3.156568
422.098388 3.155092
422.098388 3.184699
422.098388 3.156167
421.894793 4.245589
417.600923 4.243896
422.098388 3.154807
422.098388 3.156406
422.098388 3.157806
422.098388 3.156766
422.098388 3.213495
422.098388 3.158508
422.098388 3.150540
422.098388 3.157593
425.510187 3.156638
422.098388 3.163179
422.098388 3.156456
417.600923 3.151091
422.098388 4.257542
422.098388 4.241195
422.098388 3.159776
422.098388 3.154418
422.098388 4.248104
422.098388 4.243154
422.098388 3.157416
422.098388 3.155695
422.098388 3.172087
421.894793 3.159597
417.600923 3.154384
422.098388 3.162313
422.098388 3.163597
422.098388 3.155318
422.098388 4.290857
425.510187 4.236843
422.098388 3.152583
422.098388 3.172110
421.894793 3.151389
422.098388 3.159836
422.098388 3.159961
422.098388 3.157861
422.098388 3.153365
423.510023 3.194187
422.098388 3.156177
422.098388 3.159192
422.098388 4.251898
422.098388 4.242353
422.098388 3.154919
422.098388 3.149785
422.098388 3.149790
422.098388 3.158386
425.510187 3.161886
421.894793 3.166140
422.098388 4.247632
422.098388 4.244249
421.894793 3.155474
422.098388 3.156615
422.098388 3.159439
425.510187 4.249027
422.098388 4.245646
422.098388 3.159178
422.098388 3.157167
422.098388 3.159697
425.510187 3.154847
422.098388 3.154643
425.510187 3.152267
421.894793 4.243552
421.894793 4.246859
422.098388 3.159585
422.098388 3.165555
422.098388 4.243237
417.600923 4.245395
422.098388 3.155708
417.600923 3.157175
422.098388 3.153021
422.098388 3.156156
422.098388 3.154378
422.098388 3.164476
422.098388 3.154718
422.098388 3.154453
422.098388 3.162068
422.098388 3.163912
422.098388 3.156904
422.098388 3.151658
422.098388 3.160624
422.098388 4.246928
422.098388 4.245935
422.098388 3.159153
422.098388 3.154068
417.600923 3.158450
422.098388 3.157435
422.098388 3.156617
425.510187 3.158319
422.098388 4.255289
422.098388 4.240019
422.098388 3.156957
422.098388 3.153963
422.098388 3.153896
422.098388 4.246004
422.098388 4.243028
422.098388 3.159505
421.894793 3.157127
421.894793 3.155117
417.600923 3.156493
422.098388 3.173981
422.098388 3.155989
422.098388 3.179225
421.894793 3.152027
417.600923 3.153958
422.098388 3.153897
417.600923 3.157055
422.098388 3.163054
422.098388 3.177279
422.098388 3.153583
422.098388 3.157033
417.600923 3.155975
422.098388 4.242596
422.098388 4.239344
422.098388 3.156786
422.098388 3.165888
422.098388 4.249279
422.098388 4.241201
425.510187 3.161462
422.098388 3.154446
422.098388 3.160153
422.098388 4.245271
425.510187 4.243905
425.510187 3.155713
422.098388 3.154538
422.098388 4.248865
422.098388 4.246383
421.894793 3.175004
422.098388 3.152917
422.098388 3.154060
422.098388 3.158204
422.098388 3.158899
417.600923 3.157557
422.098388 3.159840
422.098388 3.151533
425.510187 3.159256
422.098388 3.156495
422.098388 4.242888
422.098388 4.243785
425.510187 3.156710
421.894793 3.161866
417.600923 3.163263
422.098388 3.158236
421.894793 3.160188
422.098388 3.154036
422.098388 3.157905
422.098388 3.161637
422.098388 3.158818
422.098388 3.179732
422.098388 4.254090
422.098388 4.236994
422.098388 3.152914
422.098388 3.155720
422.098388 4.249292
422.098388 4.243930
422.098388 3.160871
422.098388 3.164278
425.510187 3.155230
422.098388 3.155927
417.600923 3.160324
425.510187 4.250819
422.098388 4.236490
422.098388 3.162113
422.098388 3.158136
422.098388 3.165204
417.600923 3.159196
422.098388 3.162436
422.098388 3.155403
425.510187 3.153446
422.098388 3.152304
422.098388 3.153406
422.098388 3.153762
425.510187 3.154932
422.098388 3.169090
422.098388 3.157512
417.600923 3.156464
425.510187 3.156381
422.098388 4.243256
422.098388 4.238385
425.510187 4.240709
422.098388 4.234662
422.098388 3.155143
422.098388 3.157540
422.098388 3.157218
422.098388 4.245576
422.098388 4.238274
422.098388 3.172038
422.098388 3.164047
422.098388 4.243646
422.098388 4.238181
422.098388 3.171363
417.600923 3.151343
422.098388 3.155151
425.510187 3.153791
422.098388 4.244611
422.098388 4.242724
422.098388 3.152188
422.098388 3.156270
422.098388 3.157309
422.098388 3.158772
422.098388 3.155513
425.510187 3.158039
422.098388 3.153690
422.098388 3.158665
422.098388 3.155884
422.098388 3.161702
422.098388 3.156411
421.894793 3.158253
422.098388 3.157919
425.510187 3.155883
422.098388 3.159132
425.510187 3.172823
422.098388 3.168997
425.510187 3.165737
417.600923 3.163358
421.894793 3.155499
422.098388 3.155773
422.098388 3.162868
417.600923 3.160116
421.894793 3.158834
425.510187 3.154956
425.510187 3.154839
422.098388 3.153673
422.098388 3.153682
422.098388 3.157886
422.098388 3.154566
422.098388 3.155699
425.510187 3.161926
422.098388 3.170707
422.098388 4.244471
417.600923 3.160281
422.098388 4.244617
425.510187 3.154157
421.894793 3.156979
422.098388 3.167534
422.098388 3.159244
422.098388 4.253437
422.098388 4.243965
425.510187 3.153898
422.098388 4.249709
422.098388 3.160202
422.098388 3.163478
422.098388 3.163824
422.098388 3.157685
422.098388 3.156082
425.510187 3.159614
421.894793 3.162010
422.098388 3.154344
423.510023 3.168417
422.098388 3.167148
417.600923 3.155327
422.098388 3.161165
421.894793 3.154039
422.098388 3.165702
425.510187 3.181296
422.098388 3.165043
417.600923 3.161476
422.098388 3.154743
422.098388 3.160670
425.510187 3.155997
422.098388 3.166009
422.098388 3.158964
422.098388 3.157787
422.098388 3.161614
422.098388 3.156380
422.098388 3.163602
417.600923 3.163033
422.098388 3.155215
425.510187 3.157897
421.894793 3.162197
422.098388 3.161163
422.098388 3.156332
422.098388 3.154752
422.098388 3.161346
422.098388 3.165308
422.098388 3.155065
421.894793 4.244453
422.098388 4.242520
421.894793 3.164948
422.098388 3.160926
422.098388 4.245792
422.098388 4.241705
422.098388 3.151836
422.098388 3.155192
421.894793 3.162200
422.098388 4.243110
422.098388 4.238878
425.510187 3.158255
422.098388 3.160616
422.098388 3.153148
422.098388 4.240842
422.098388 4.237204
422.098388 3.156907
422.098388 3.153973
422.098388 3.153798
417.600923 3.157741
422.098388 3.162432
422.098388 4.247657
417.600923 4.238798
422.098388 3.157182
425.510187 3.170474
422.098388 3.154404
422.098388 3.153498
422.098388 3.154152
421.894793 4.245309
422.098388 4.235489
422.098388 3.157599
422.098388 3.167220
422.098388 3.158149
422.098388 4.244042
422.098388 4.238071
422.098388 3.155028
422.098388 3.161330
417.600923 3.176126
422.098388 4.244624
421.894793 4.237404
422.098388 3.152349
425.510187 3.155850
422.098388 3.163159
422.098388 3.155335
422.098388 3.195252
417.600923 3.153512
422.098388 3.163165
421.894793 4.254338
417.600923 4.241700
425.510187 3.156670
417.600923 3.165088
422.098388 3.158647
422.098388 3.154001
421.894793 4.245623
417.600923 4.239620
422.098388 3.154871
422.098388 3.156920
422.098388 3.153170
422.098388 4.244637
425.510187 4.239570
425.510187 4.252392
422.098388 4.247061
422.098388 3.163836
422.098388 3.159857
422.098388 3.154990
422.098388 3.162284
421.894793 3.155676
422.098388 4.246832
417.600923 4.239117
422.098388 3.156668
422.098388 3.154971
422.098388 3.157639
417.600923 4.247155
417.600923 4.239470
422.098388 3.209452
421.894793 4.243855
425.510187 4.249283
422.098388 3.157863
425.510187 3.153433
422.098388 4.244299
425.510187 4.244666
422.098388 3.159490
422.098388 3.160349
422.098388 4.245573
422.098388 4.249801
423.510023 3.186255
422.098388 3.157595
425.510187 3.154763
417.600923 3.158551
422.098388 3.157989
422.098388 3.156322
422.098388 3.160514
422.098388 3.186696
422.098388 3.159600
422.098388 3.164388
417.600923 3.152389
425.510187 3.152736
422.098388 3.160281
417.600923 3.153542
422.098388 3.153848
421.894793 3.169643
422.098388 3.158420
421.894793 3.158783
425.510187 4.244828
422.098388 4.236780
422.098388 3.157454
422.098388 4.243678
425.510187 4.237826
425.510187 3.152637
422.098388 3.157910
417.600923 3.159831
422.098388 4.249256
422.098388 4.246578
422.098388 3.169078
422.098388 3.159672
422.098388 3.180805
425.510187 3.155396
423.510023 3.159268
422.098388 3.176996
425.510187 4.240241
425.510187 4.238798
422.098388 3.153679
422.098388 3.155703
422.098388 3.158656
425.510187 3.154573
422.098388 4.245045
422.098388 4.239811
422.098388 3.164296
422.098388 3.156418
422.098388 3.158295
422.098388 3.157789
417.600923 3.156994
422.098388 3.162295
422.098388 4.243976
422.098388 4.239816
422.098388 3.156817
422.098388 3.155110
422.098388 3.207441
422.098388 3.172683
422.098388 3.156280
422.098388 3.161876
421.894793 3.153994
422.098388 4.247822
422.098388 4.238255
422.098388 3.157173
422.098388 3.159679
422.098388 3.157012
422.098388 3.160927
422.098388 3.155401
422.098388 4.247998
422.098388 4.239118
425.510187 3.161366
422.098388 3.165289
425.510187 4.254255
422.098388 4.249179
422.098388 3.168072
425.510187 3.154991
422.098388 3.154804
422.098388 3.163517
421.894793 3.156238
425.510187 4.245395
422.098388 4.241609
422.098388 3.150437
422.098388 3.184327
421.894793 3.153476
422.098388 3.154083
422.098388 3.150931
422.098388 3.155220
421.894793 3.157330
422.098388 3.159022
422.098388 3.156436
422.098388 3.151301
422.098388 3.153873
425.510187 3.155985
422.098388 3.154559
422.098388 3.165486
425.510187 3.160589
422.098388 3.155133
422.098388 3.165538
422.098388 3.174911
422.098388 3.151577
422.098388 3.162194
422.098388 3.152185
422.098388 3.154683
421.894793 3.157891
423.510023 3.154637
417.600923 3.154700
422.098388 3.152380
422.098388 3.160330
422.098388 3.161304
422.098388 3.165373
422.098388 3.154819
422.098388 4.244746
425.510187 4.282685
422.098388 3.160266
422.098388 3.154234
425.510187 3.155837
422.098388 3.160673
422.098388 3.155668
422.098388 4.249026
417.600923 4.236795
422.098388 3.162167
421.894793 3.152950
422.098388 3.167711
422.098388 3.155915
421.894793 3.153913
422.098388 3.151866
417.600923 3.154771
421.894793 4.243977
425.510187 4.238467
422.098388 3.162485
422.098388 3.155871
422.098388 3.158562
422.098388 3.165971
422.098388 3.155204
422.098388 3.157851
425.510187 3.163975
417.600923 3.165976
417.600923 3.156465
422.098388 3.164000
417.600923 3.154591
422.098388 3.153807
422.098388 3.153493
422.098388 3.165647
422.098388 3.155835
422.098388 3.169249
422.098388 3.157876
422.098388 3.155521
422.098388 3.166101
422.098388 3.158860
422.098388 3.153434
417.600923 3.167469
422.098388 3.153169
422.098388 3.157584
422.098388 3.155684
422.098388 4.245258
422.098388 4.238926
422.098388 3.156763
422.098388 3.164219
422.098388 3.155162
425.510187 3.159096
421.894793 4.243488
422.098388 4.246922
422.098388 3.152394
422.098388 3.155701
422.098388 3.153035
417.600923 3.156371
422.098388 3.154342
425.510187 3.154354
422.098388 3.159358
422.098388 3.159711
421.894793 3.156159
422.098388 3.161393
421.894793 3.157710
425.510187 3.169444
422.098388 3.160237
422.098388 3.155006
422.098388 3.155353
422.098388 3.159094
422.098388 3.154715
422.098388 3.156917
422.098388 3.169322
422.098388 3.153049
422.098388 3.152931
425.510187 3.171363
422.098388 3.163108
422.098388 4.249442
422.098388 4.244059
425.510187 3.161602
422.098388 3.161098
422.098388 3.158583
422.098388 3.156906
422.098388 3.161127
422.098388 3.158794
422.098388 4.246226
422.098388 4.254068
422.098388 3.161781
422.098388 3.157041
421.894793 3.154470
422.098388 3.156256
422.098388 3.157533
422.098388 3.153314
422.098388 3.157173
422.098388 3.157054
422.098388 3.155097
422.098388 3.156707
422.098388 4.257872
422.098388 4.238692
422.098388 3.158014
422.098388 3.153184
422.098388 3.159217
422.098388 3.156434
417.600923 3.164844
422.098388 3.159609
425.510187 3.157930
422.098388 3.158751
422.098388 3.158739
422.098388 3.160238
422.098388 4.246693
421.894793 4.236518
422.098388 3.154381
422.098388 3.166146
422.098388 3.159525
421.894793 3.159335
425.510187 3.153931
422.098388 3.159535
422.098388 3.167741
422.098388 4.249881
422.098388 4.247003
422.098388 3.160882
422.098388 3.159283
422.098388 3.158982
422.098388 3.168521
422.098388 3.157273
421.894793 4.250573
422.098388 4.237815
422.098388 3.155234
422.098388 4.244387
422.098388 4.238155
422.098388 4.234821
417.600923 4.250334
422.098388 4.279608
422.098388 4.245187
422.098388 3.152685
422.098388 3.153370
422.098388 3.155407
422.098388 3.180862
422.098388 3.159943
422.098388 3.152049
422.098388 3.157023
422.098388 3.156484
422.098388 3.161865
422.098388 3.163110
422.098388 3.185837
422.098388 3.167438
425.510187 3.156328
422.098388 4.244463
417.600923 4.241252
421.894793 3.159366
421.894793 3.152198
422.098388 4.248200
417.600923 4.239627
422.098388 3.192634
422.098388 3.156927
422.098388 3.152983
422.098388 3.158407
422.098388 3.157955
425.510187 3.160137
425.510187 4.245874
422.098388 4.237675
423.510023 3.174048
422.098388 3.160973
422.098388 3.157060
422.098388 3.164330
422.098388 3.158091
422.098388 3.156342
422.098388 3.160361
425.510187 3.157563
422.098388 3.157838
421.894793 3.154229
422.098388 3.152338
422.098388 3.152341
422.098388 3.154930
417.600923 3.154363
422.098388 3.153751
422.098388 3.150244
422.098388 3.163879
422.098388 3.157239
422.098388 3.155743
425.510187 3.153627
422.098388 3.168782
425.510187 3.159946
422.098388 3.156446
425.510187 3.161920
425.510187 4.246992
425.510187 4.234718
422.098388 3.152117
422.098388 3.152662
425.510187 3.156778
422.098388 3.154473
422.098388 3.175653
425.510187 3.154614
422.098388 3.153941
417.600923 3.161008
422.098388 4.244124
422.098388 4.241830
422.098388 4.245574
425.510187 4.242709
422.098388 3.157545
422.098388 3.157309
417.600923 3.171341
422.098388 3.157791
422.098388 4.245696
417.600923 4.246109
422.098388 3.262332
422.098388 3.155202
422.098388 3.157112
422.098388 3.153025
422.098388 3.174668
422.098388 3.157153
422.098388 3.160477
422.098388 3.159564
422.098388 4.246965
417.600923 4.240536
422.098388 3.163760
421.894793 3.158030
422.098388 3.154593
422.098388 3.155531
417.600923 3.164995
421.894793 3.156138
421.894793 3.154142
422.098388 3.158526
422.098388 3.150033
422.098388 3.155384
422.098388 3.155505
422.098388 3.161780
425.510187 3.150042
422.098388 3.160574
422.098388 3.167226
422.098388 3.151915
422.098388 4.246495
422.098388 4.236553
422.098388 3.152827
422.098388 3.166901
422.098388 4.246743
422.098388 4.242651
422.098388 4.239250
422.098388 4.240301
422.098388 3.154188
422.098388 3.156169
422.098388 3.155315
422.098388 3.153038
422.098388 3.158312
422.098388 3.154353
422.098388 3.163706
422.098388 3.156558
422.098388 3.154226
422.098388 3.154123
422.098388 3.158474
422.098388 3.181950
422.098388 3.152823
422.098388 3.154243
422.098388 3.158573
422.098388 3.161656
417.600923 3.151736
422.098388 3.152484
425.510187 3.153758
421.894793 3.153483
417.600923 3.155761
422.098388 3.154370
422.098388 3.158805
422.098388 3.155226
422.098388 3.151797
417.600923 3.151619
422.098388 3.155055
422.098388 3.153126
422.098388 3.152133
422.098388 3.152434
422.098388 3.154673
422.098388 3.154175
422.098388 3.160375
425.510187 3.152604
422.098388 4.246844
422.098388 4.238835
425.510187 3.159548
422.098388 3.167741
422.098388 3.154917
422.098388 3.154251
422.098388 3.158848
421.894793 4.245299
422.098388 4.238704
425.510187 4.238326
422.098388 4.232119
422.098388 3.162424
417.600923 3.161852
422.098388 3.169584
422.098388 3.156891
422.098388 3.160175
422.098388 3.156507
425.510187 4.250001
422.098388 4.238697
425.510187 4.237834
422.098388 4.236360
422.098388 4.250708
422.098388 4.235791
417.600923 3.159880
422.098388 3.161475
422.098388 3.153446
421.894793 3.177359
422.098388 3.176727
422.098388 3.210171
422.098388 3.154026
425.510187 4.245829
422.098388 4.241464
422.098388 3.161976
422.098388 3.150529
425.510187 3.154572
422.098388 3.160131
422.098388 3.152972
422.098388 4.243463
422.098388 4.244361
417.600923 3.183692
422.098388 3.183066
422.098388 4.247897
422.098388 4.235565
422.098388 3.165199
422.098388 3.156875
422.098388 4.243122
425.510187 4.239765
422.098388 3.158621
422.098388 4.243415
422.098388 4.236827
422.098388 3.158168
421.894793 3.162139
417.600923 3.159553
425.510187 3.160947
422.098388 3.160718
421.894793 3.155483
422.098388 3.159635
421.894793 3.157446
422.098388 3.155544
422.098388 3.155555
422.098388 3.155684
422.098388 3.153315
422.098388 3.160533
422.098388 4.242462
422.098388 4.240714
422.098388 3.152477
422.098388 3.163977
425.510187 3.167414
422.098388 3.158522
421.894793 3.158919
422.098388 3.156393
422.098388 3.157250
422.098388 4.244693
422.098388 4.239946
417.600923 3.161394
421.894793 3.156341
422.098388 3.155039
422.098388 3.154842
422.098388 3.158573
422.098388 3.166835
417.600923 3.207053
422.098388 4.245152
422.098388 4.246909
422.098388 3.154447
422.098388 3.159203
422.098388 3.165346
422.098388 3.154912
422.098388 3.155839
417.600923 3.154325
422.098388 3.172019
421.894793 3.158845
422.098388 3.154666
422.098388 3.156818
417.600923 3.152149
421.894793 3.162392
422.098388 3.153431
422.098388 4.248631
422.098388 4.239883
422.098388 3.154770
425.510187 3.152867
422.098388 3.170809
422.098388 3.151687
421.894793 3.155084
422.098388 3.161155
422.098388 3.155019
422.098388 3.156058
422.098388 3.154780
425.510187 3.161473
422.098388 4.247240
422.098388 4.237387
422.098388 3.164349
422.098388 3.158805
417.600923 3.156209
422.098388 3.158159
422.098388 3.161406
422.098388 3.161242
422.098388 3.159400
417.600923 3.153627
422.098388 3.152458
421.894793 4.250974
422.098388 4.242338
422.098388 4.238525
422.098388 4.235270
421.894793 3.160921
422.098388 3.161887
422.098388 3.165466
422.098388 3.155062
422.098388 3.157621
422.098388 3.170419
422.098388 3.155175
422.098388 3.155571
422.098388 3.152919
422.098388 4.246273
422.098388 4.242959
422.098388 3.153594
425.510187 3.159868
422.098388 3.155153
421.894793 3.157006
421.894793 3.158993
425.510187 3.154817
422.098388 3.158920
422.098388 3.152128
422.098388 3.153911
425.510187 3.190980
422.098388 4.244857
422.098388 4.237547
422.098388 3.158842
422.098388 3.163826
425.510187 3.161600
422.098388 3.152876
425.510187 3.155356
422.098388 3.155929
417.600923 3.159696
425.510187 3.164138
422.098388 3.180317
425.510187 3.159553
422.098388 3.160025
425.510187 3.152590
422.098388 3.154923
422.098388 3.157564
422.098388 3.160572
422.098388 3.157981
422.098388 3.158180
422.098388 3.158385
417.600923 3.166246
421.894793 3.150286
422.098388 3.156082
422.098388 3.175487
422.098388 3.158982
417.600923 3.154272
425.510187 3.152146
422.098388 3.155561
422.098388 3.154156
422.098388 3.159578
422.098388 3.165292
425.510187 3.160694
425.510187 3.159605
422.098388 3.159160
422.098388 3.197969
422.098388 3.175470
422.098388 3.161421
422.098388 3.167242
422.098388 3.166756
422.098388 3.163296
422.098388 3.159792
422.098388 3.156875
422.098388 3.159203
422.098388 4.249274
422.098388 4.240248
422.098388 3.153191
422.098388 3.162401
422.098388 3.155373
422.098388 4.251298
422.098388 4.243644
422.098388 3.155387
422.098388 3.157450
422.098388 4.242989
422.098388 4.239000
422.098388 3.152406
422.098388 4.246429
422.098388 4.239582
421.894793 3.154905
422.098388 3.158770
422.098388 3.156022
417.600923 3.161886
421.894793 3.164261
422.098388 3.163782
422.098388 3.156258
422.098388 3.162221
422.098388 3.164427
422.098388 3.159064
422.098388 3.162698
422.098388 4.244633
422.098388 4.238446
425.510187 3.174155
422.098388 3.170744
421.894793 3.164721
422.098388 3.159949
422.098388 3.155203
422.098388 3.157137
417.600923 3.194762
422.098388 3.159080
422.098388 3.154923
421.894793 3.167820
422.098388 3.155624
422.098388 3.156842
422.098388 3.167237
417.600923 3.164893
422.098388 3.174871
422.098388 3.164942
422.098388 3.158140
422.098388 4.247343
422.098388 4.236423
422.098388 3.152430
422.098388 3.162640
425.510187 3.154945
421.894793 3.155382
422.098388 4.252491
417.600923 4.250401
422.098388 3.154417
421.894793 3.160265
422.098388 3.155992
425.510187 3.156758
422.098388 3.158863
421.894793 3.165501
422.098388 3.161980
422.098388 3.162894
425.510187 3.157362
422.098388 3.156010
422.098388 3.152712
422.098388 3.157982
422.098388 3.164019
422.098388 3.157236
422.098388 3.159753
422.098388 3.159607
422.098388 3.154320
425.510187 3.165710
422.098388 3.151934
422.098388 3.158578
417.600923 3.154028
422.098388 3.154274
422.098388 3.159788
422.098388 3.156958
422.098388 3.158262
422.098388 3.157597
422.098388 3.164438
421.894793 3.164755
422.098388 3.162703
425.510187 3.165502
422.098388 3.164398
422.098388 3.154954
422.098388 3.155571
422.098388 3.153513
422.098388 3.154191
422.098388 3.163899
422.098388 3.156317
422.098388 3.155917
422.098388 3.155915
422.098388 3.154507
425.510187 3.160477
422.098388 3.188916
422.098388 3.167077
417.600923 3.164115
417.600923 3.155876
422.098388 3.167957
422.098388 3.160047
422.098388 3.156162
422.098388 3.156813
422.098388 3.172517
422.098388 3.157871
422.098388 3.157194
422.098388 3.151522
422.098388 4.255925
422.098388 4.238602
422.098388 3.152606
417.600923 3.159140
421.894793 3.153993
422.098388 3.159046
422.098388 3.159490
421.894793 3.151809
421.894793 3.160931
422.098388 4.247035
422.098388 4.252750
422.098388 3.159505
425.510187 3.158082
422.098388 3.160290
422.098388 3.157575
417.600923 3.171529
422.098388 3.161132
422.098388 3.159848
422.098388 3.162171
422.098388 3.165730
422.098388 4.247839
422.098388 4.243526
422.098388 3.160142
422.098388 3.158873
421.894793 3.155654
422.098388 3.164067
422.098388 3.157314
422.098388 3.158622
422.098388 3.160522
417.600923 3.157684
422.098388 3.151460
422.098388 4.250290
417.600923 4.243268
422.098388 3.151469
422.098388 3.156712
422.098388 3.163451
421.894793 3.157193
422.098388 3.169033
422.098388 4.253413
422.098388 4.236356
423.510023 3.158107
422.098388 4.245894
422.098388 4.237192
422.098388 4.235644
422.098388 4.237109
422.098388 3.156189
422.098388 3.154546
422.098388 3.152150
422.098388 3.156344
422.098388 3.155297
422.098388 4.245317
422.098388 4.241090
425.510187 3.154004
422.098388 3.155984
417.600923 3.157110
422.098388 3.155812
417.600923 3.162202
422.098388 4.249110
422.098388 4.254084
425.510187 3.161151
422.098388 4.248404
422.098388 4.252641
422.098388 3.164216
421.894793 3.154532
422.098388 3.157600
422.098388 3.159536
422.098388 3.153025
422.098388 3.157286
422.098388 3.152929
422.098388 3.157870
422.098388 3.164697
425.510187 3.165706
422.098388 3.162994
425.510187 3.177032
422.098388 3.156013
422.098388 3.161208
421.894793 3.161109
422.098388 3.152486
422.098388 3.155012
422.098388 3.156612
421.894793 3.154953
422.098388 3.155684
425.510187 3.162378
422.098388 3.155483
422.098388 3.160535
422.098388 3.160621
425.510187 3.156048
422.098388 3.163813
422.098388 3.159704
422.098388 3.157587
422.098388 3.154873
421.894793 3.161712
422.098388 4.241272
425.510187 4.238722
425.510187 3.156854
422.098388 3.154796
422.098388 3.173828
422.098388 3.163132
422.098388 3.153651
422.098388 3.163086
422.098388 3.156291
422.098388 4.240958
422.098388 4.237152
422.098388 3.154894
422.098388 3.154846
422.098388 3.157068
422.098388 3.158565
425.510187 3.163230
422.098388 3.161516
422.098388 3.153575
422.098388 3.183026
422.098388 3.161017
422.098388 3.153833
422.098388 3.157651
425.510187 3.154143
422.098388 3.170342
422.098388 3.157280
421.894793 3.156529
425.510187 3.155882
422.098388 3.157860
422.098388 3.152163
422.098388 3.158150
422.098388 3.157849
422.098388 3.161429
422.098388 3.154687
422.098388 3.162924
422.098388 3.181008
422.098388 3.156267
422.098388 3.156948
425.510187 4.252302
422.098388 4.239640
417.600923 3.159772
422.098388 3.156979
422.098388 3.162698
422.098388 3.154190
422.098388 3.158929
422.098388 3.154419
422.098388 3.154578
422.098388 4.246461
422.098388 4.246661
422.098388 3.151306
422.098388 3.155442
422.098388 3.163140
425.510187 4.249014
422.098388 4.239306
422.098388 3.157112
421.894793 3.166376
422.098388 3.162960
422.098388 3.156977
422.098388 3.151731
422.098388 3.153910
422.098388 3.152913
422.098388 3.162932
422.098388 3.165712
422.098388 3.161575
422.098388 4.254160
421.894793 4.233340
422.098388 3.153722
422.098388 3.162590
421.894793 3.152275
422.098388 3.161261
422.098388 3.150342
422.098388 3.153032
422.098388 4.252847
422.098388 4.238718
422.098388 3.160931
422.098388 3.154127
425.510187 3.168250
422.098388 4.245488
422.098388 4.240175
422.098388 3.157162
422.098388 3.152175
422.098388 3.156635
422.098388 3.160565
422.098388 3.184484
422.098388 3.155000
417.600923 3.159018
422.098388 3.152421
422.098388 3.166006
421.894793 3.156482
422.098388 3.161126
422.098388 4.246142
422.098388 4.234752
422.098388 3.152701
422.098388 3.160488
417.600923 3.157900
417.600923 3.158423
422.098388 3.153329
422.098388 3.156320
422.098388 3.152294
422.098388 3.156242
417.600923 3.157045
422.098388 3.155327
422.098388 3.151213
422.098388 3.159046
422.098388 3.153184
422.098388 3.160227
422.098388 3.164779
422.098388 3.162504
422.098388 3.162211
421.894793 3.152788
422.098388 3.160365
417.600923 3.162150
422.098388 3.156258
422.098388 3.152683
422.098388 3.154407
422.098388 3.153095
422.098388 3.150509
422.098388 3.153429
422.098388 3.152679
417.600923 3.155839
422.098388 3.163223
422.098388 3.154403
421.894793 3.156127
421.894793 3.151772
422.098388 3.156072
425.510187 3.155849
421.894793 3.159384
425.510187 3.161169
422.098388 3.156871
422.098388 3.156662
422.098388 3.156530
422.098388 3.150977
422.098388 3.154082
422.098388 3.154756
422.098388 3.151945
422.098388 3.151792
422.098388 3.153176
421.894793 3.159181
422.098388 3.155700
425.510187 3.154136
422.098388 3.155259
422.098388 3.152333
422.098388 3.157968
422.098388 3.154777
417.600923 3.153764
421.894793 3.153603
422.098388 3.154654
421.894793 3.155819
422.098388 4.245934
422.098388 4.296779
422.098388 3.153681
422.098388 3.156802
422.098388 3.154084
421.894793 3.157256
422.098388 3.158075
421.894793 4.252533
422.098388 4.242072
422.098388 3.154032
422.098388 3.159288
422.098388 3.159881
425.510187 3.157266
422.098388 3.164310
417.600923 3.165974
422.098388 3.160086
422.098388 3.165558
425.510187 3.158450
422.098388 3.156878
422.098388 4.256028
422.098388 4.228750
425.510187 3.153828
422.098388 3.162868
422.098388 3.168701
422.098388 3.156925
422.098388 3.156590
422.098388 3.156221
421.894793 3.156937
422.098388 4.244963
422.098388 4.242838
422.098388 3.164451
422.098388 3.162074
422.098388 3.152839
422.098388 3.153223
422.098388 3.154940
421.894793 3.157025
417.600923 3.152539
422.098388 3.157647
422.098388 3.161161
422.098388 3.192224
421.894793 3.154810
422.098388 3.153742
422.098388 3.159912
422.098388 3.158441
422.098388 4.248901
422.098388 4.240902
422.098388 3.160428
422.098388 3.170349
417.600923 3.168822
422.098388 3.155734
421.894793 3.161261
422.098388 3.153601
422.098388 3.165715
417.600923 3.152779
422.098388 3.153724
422.098388 3.154188
417.600923 3.153254
422.098388 3.155439
421.894793 3.178423
422.098388 3.164731
422.098388 3.162019
422.098388 3.155137
417.600923 3.154742
422.098388 3.157474
422.098388 3.154833
422.098388 3.182697
425.510187 3.153134
425.510187 4.248399
422.098388 4.237543
417.600923 3.157171
422.098388 3.160042
421.894793 3.165264
422.098388 3.159708
422.098388 3.156307
422.098388 3.157679
422.098388 3.156263
422.098388 3.155766
422.098388 3.155125
422.098388 4.250656
422.098388 4.241551
422.098388 3.155581
422.098388 3.156888
422.098388 3.155773
425.510187 3.166619
422.098388 3.162047
422.098388 3.172790
422.098388 3.162288
422.098388 3.160706
422.098388 3.160794
422.098388 3.156187
422.098388 4.243779
417.600923 4.246403
417.600923 3.160473
422.098388 3.159039
422.098388 3.190900
422.098388 3.190185
422.098388 3.168543
422.098388 3.151986
417.600923 3.152339
422.098388 3.156527
422.098388 3.167282
422.098388 3.159415
422.098388 3.158509
421.894793 3.154702
422.098388 3.157054
417.600923 3.153660
425.510187 3.154431
422.098388 3.160724
422.098388 4.247335
422.098388 4.247063
425.510187 3.153447
422.098388 3.155724
422.098388 4.245887
422.098388 4.238858
422.098388 3.163446
421.894793 4.244427
422.098388 4.238081
417.600923 3.158812
421.894793 3.154130
422.098388 3.160382
422.098388 3.154194
422.098388 3.161056
422.098388 3.168114
422.098388 3.159266
422.098388 4.248034
425.510187 4.242042
422.098388 3.159305
422.098388 3.154234
422.098388 3.158579
422.098388 3.156949
417.600923 3.158390
425.510187 3.159380
422.098388 3.155375
422.098388 3.155843
422.098388 3.154097
422.098388 3.157037
417.600923 3.170060
422.098388 3.169761
422.098388 3.167567
422.098388 3.159861
422.098388 3.153750
422.098388 3.158243
422.098388 3.156835
422.098388 3.151704
421.894793 3.156484
422.098388 4.247622
422.098388 4.240830
422.098388 3.166418
422.098388 3.165022
422.098388 4.245258
422.098388 4.241965
417.600923 3.162666
422.098388 3.160865
425.510187 3.161111
422.098388 3.152779
422.098388 3.164205
422.098388 3.155197
422.098388 3.163360
425.510187 3.162746
421.894793 3.155090
422.098388 3.165631
425.510187 3.162849
422.098388 3.154947
421.894793 3.159260
417.600923 3.154522
422.098388 3.158368
422.098388 3.156293
422.098388 3.159268
422.098388 3.164149
421.894793 3.155175
422.098388 3.157016
422.098388 3.172305
421.894793 3.155739
422.098388 3.158292
421.894793 4.245806
422.098388 4.243301
421.894793 3.156206
421.894793 3.165257
422.098388 3.153853
422.098388 3.160069
422.098388 3.159308
422.098388 3.163299
422.098388 3.165114
422.098388 3.169256
417.600923 3.160802
422.098388 4.245089
422.098388 4.238403
422.098388 3.157240
422.098388 3.151284
422.098388 3.160320
422.098388 4.245384
422.098388 4.240381
422.098388 3.151102
422.098388 3.157483
422.098388 3.156236
422.098388 3.153450
422.098388 3.163863
422.098388 3.153257
422.098388 3.156883
422.098388 3.158538
422.098388 3.160402
422.098388 3.169951
417.600923 3.166247
422.098388 3.163150
422.098388 3.155520
422.098388 3.160270
422.098388 4.249143
417.600923 4.238936
422.098388 3.157489
422.098388 4.246980
422.098388 4.235936
422.098388 3.158656
422.098388 3.160483
422.098388 3.163112
417.600923 3.155901
425.510187 3.155515
422.098388 3.158360
422.098388 3.156083
422.098388 3.153014
421.894793 3.164398
422.098388 4.245717
422.098388 4.237974
422.098388 3.152619
422.098388 3.155350
422.098388 3.154645
425.510187 3.161553
422.098388 3.171327
422.098388 3.154794
417.600923 3.160394
425.510187 3.156371
422.098388 3.213025
417.600923 3.154168
422.098388 3.182286
425.510187 3.187436
422.098388 3.161584
422.098388 3.163610
422.098388 3.168496
422.098388 3.160368
421.894793 3.154653
422.098388 4.242594
422.098388 4.235632
422.098388 3.160193
422.098388 3.151812
422.098388 3.155104
421.894793 3.155119
422.098388 3.157847
422.098388 3.164180
422.098388 3.155820
422.098388 3.161207
422.098388 3.162213
421.894793 3.151644
422.098388 3.162435
422.098388 4.243553
422.098388 4.239091
422.098388 3.160647
422.098388 3.155119
422.098388 3.159035
422.098388 3.153887
425.510187 3.165237
422.098388 3.160947
421.894793 3.153778
417.600923 3.157340
422.098388 3.155288
422.098388 3.158646
422.098388 3.156755
422.098388 3.167395
417.600923 3.159633
422.098388 3.154884
422.098388 4.241787
422.098388 4.238182
422.098388 3.160536
422.098388 3.161170
425.510187 3.168398
425.510187 3.160052
422.098388 3.193562
417.600923 3.165621
425.510187 3.170727
422.098388 3.165926
422.098388 3.164928
422.098388 3.161532
417.600923 3.155391
422.098388 3.169863
422.098388 3.176416
422.098388 3.166727
422.098388 3.154493
422.098388 3.159412
422.098388 3.156951
421.894793 3.154131
422.098388 3.163361
422.098388 3.159782
422.098388 3.163751
422.098388 3.154411
422.098388 3.159894
422.098388 3.154628
422.098388 3.158674
422.098388 3.156284
422.098388 3.154818
421.894793 3.154564
422.098388 3.158292
422.098388 3.152163
425.510187 3.159853
421.894793 3.154728
422.098388 3.158424
422.098388 3.162153
422.098388 3.150742
422.098388 3.154566
422.098388 3.160245
422.098388 3.165441
425.510187 3.154867
422.098388 3.160522
417.600923 3.161511
425.510187 4.244869
422.098388 4.242016
425.510187 3.153108
422.098388 3.164560
422.098388 3.169336
422.098388 3.160656
422.098388 4.359055
422.098388 4.235955
422.098388 3.168188
422.098388 3.159422
422.098388 3.151213
425.510187 3.157530
422.098388 3.158228
422.098388 3.160392
417.600923 3.159708
422.098388 3.168328
422.098388 3.153322
422.098388 4.247652
422.098388 4.241276
422.098388 3.161033
422.098388 3.155004
422.098388 3.156725
421.894793 3.152393
425.510187 3.212627
417.600923 3.157948
422.098388 4.247883
422.098388 4.245133
422.098388 3.152992
422.098388 3.155804
422.098388 4.251347
422.098388 3.157870
422.098388 4.250909
417.600923 4.237545
422.098388 3.153385
422.098388 3.161328
422.098388 3.189704
422.098388 3.153307
422.098388 3.155757
422.098388 3.151766
422.098388 3.156863
417.600923 3.162797
422.098388 3.157924
422.098388 3.153389
422.098388 3.153919
422.098388 3.166191
422.098388 3.161284
417.600923 3.157129
422.098388 3.155419
417.600923 3.160346
417.600923 3.162264
422.098388 4.246719
421.894793 4.235489
422.098388 3.155056
422.098388 3.151988
422.098388 3.169478
422.098388 3.153749
422.098388 3.159551
421.894793 3.154062
417.600923 3.158987
422.098388 3.160459
421.894793 3.161660
422.098388 3.152652
422.098388 3.154075
422.098388 3.153788
422.098388 3.166992
417.600923 3.155892
422.098388 3.193104
422.098388 3.161116
422.098388 3.153348
425.510187 3.154034
422.098388 3.165080
422.098388 3.153512
417.600923 3.156573
422.098388 3.157706
422.098388 3.154744
422.098388 3.155954
421.894793 3.171401
422.098388 3.154469
422.098388 3.160782
422.098388 3.161327
422.098388 3.157947
422.098388 3.162950
421.894793 3.156132
422.098388 4.244182
422.098388 4.242055
425.510187 3.169500
422.098388 3.154773
422.098388 3.164655
417.600923 3.164358
422.098388 3.160320
422.098388 3.158070
417.600923 3.159248
422.098388 3.155662
417.600923 3.160622
422.098388 3.150382
422.098388 3.159433
425.510187 4.260730
422.098388 4.268942
422.098388 3.160506
422.098388 3.159814
422.098388 3.159063
422.098388 3.157331
422.098388 3.153529
422.098388 3.157162
422.098388 3.158988
425.510187 3.152979
425.510187 3.158254
422.098388 3.153286
422.098388 3.162505
422.098388 3.160056
421.894793 3.151037
417.600923 3.159708
422.098388 4.281473
422.098388 4.244196
422.098388 4.235076
422.098388 4.234799
422.098388 3.152280
421.894793 3.152395
422.098388 3.164148
422.098388 3.162038
422.098388 3.155770
422.098388 3.153825
422.098388 3.159255
422.098388 3.153955
425.510187 3.161834
422.098388 3.160795
422.098388 3.177664
422.098388 4.249303
422.098388 4.237375
422.098388 3.154396
422.098388 3.156645
422.098388 4.245453
422.098388 4.239994
422.098388 3.159083
422.098388 3.166634
425.510187 3.153073
422.098388 3.155156
425.510187 3.152104
417.600923 3.158207
422.098388 3.154002
422.098388 4.250059
422.098388 4.242489
422.098388 3.160328
425.510187 3.167291
422.098388 3.154501
422.098388 3.174092
421.894793 3.165995
422.098388 3.153790
422.098388 3.159521
422.098388 3.161873
417.600923 3.152584
422.098388 3.155021
425.510187 3.154880
422.098388 3.153169
422.098388 3.156804
422.098388 3.172143
422.098388 3.182408
422.098388 3.155539
422.098388 3.167294
422.098388 3.168247
422.098388 3.154402
422.098388 3.165489
422.098388 3.160271
422.098388 3.156981
422.098388 3.162750
417.600923 4.248529
422.098388 4.240400
422.098388 3.156924
422.098388 4.249591
421.894793 4.239273
422.098388 3.156727
421.894793 3.154760
422.098388 3.155287
422.098388 3.151792
422.098388 3.155781
421.894793 3.159019
422.098388 3.196048
422.098388 3.157128
425.510187 3.157840
422.098388 3.193334
422.098388 3.155381
422.098388 3.167502
422.098388 4.247596
422.098388 4.238113
422.098388 3.158264
422.098388 3.155370
422.098388 3.156788
417.600923 3.164593
422.098388 3.154597
422.098388 3.157559
422.098388 3.155379
422.098388 3.179759
422.098388 3.166969
422.098388 3.155783
422.098388 3.156424
421.894793 3.153823
422.098388 3.151427
422.098388 3.151933
422.098388 3.156324
422.098388 3.154711
425.510187 3.160494
417.600923 4.255742
422.098388 4.238372
421.894793 3.160578
422.098388 3.228936
417.600923 4.244332
422.098388 4.240554
422.098388 3.157222
422.098388 3.155378
422.098388 3.162867
422.098388 4.247354
422.098388 4.237540
422.098388 4.233606
422.098388 4.242436
422.098388 3.158727
425.510187 3.162588
425.510187 3.152573
422.098388 3.155555
421.894793 3.152235
422.098388 3.162648
417.600923 4.255479
422.098388 4.236508
421.894793 3.167169
422.098388 3.155834
422.098388 3.155685
422.098388 3.161037
422.098388 3.153845
422.098388 4.248485
422.098388 4.244022
417.600923 3.157337
422.098388 3.154382
422.098388 3.163314
422.098388 4.244966
422.098388 4.241015
422.098388 3.154912
422.098388 3.161975
422.098388 3.162014
422.098388 3.156662
421.894793 3.157531
422.098388 3.155005
422.098388 3.151980
422.098388 4.246426
422.098388 4.234840
422.098388 3.158360
422.098388 3.169468
422.098388 3.153466
417.600923 4.243314
422.098388 4.246747
425.510187 4.243203
422.098388 4.239074
422.098388 3.153431
421.894793 3.150761
422.098388 4.248389
422.098388 4.244399
422.098388 3.158345
422.098388 3.157680
422.098388 3.159813
422.098388 4.246547
422.098388 4.247290
422.098388 3.167255
425.510187 3.158304
425.510187 3.155594
425.510187 3.153339
425.510187 3.155572
417.600923 3.165138
423.510023 3.162642
422.098388 3.162602
422.098388 3.153767
421.894793 3.153815
422.098388 3.151613
422.098388 3.162496
422.098388 3.155141
422.098388 3.157107
421.894793 3.155777
422.098388 4.246854
422.098388 4.251898
422.098388 3.157074
425.510187 3.167288
422.098388 3.156206
425.510187 3.156906
422.098388 3.152789
425.510187 3.152103
422.098388 3.155657
422.098388 3.155901
425.510187 3.156214
425.510187 3.165518
422.098388 3.213811
425.510187 3.157635
421.894793 4.250262
422.098388 4.236629
422.098388 3.151367
422.098388 3.152413
422.098388 3.159129
422.098388 3.152522
422.098388 3.154016
422.098388 3.164709
425.510187 3.159771
422.098388 4.248538
422.098388 4.236093
422.098388 3.159483
422.098388 3.154425
422.098388 3.163692
422.098388 3.156536
422.098388 3.156446
422.098388 4.243942
421.894793 4.238652
422.098388 3.155265
421.894793 3.155755
422.098388 4.250539
425.510187 4.238965
422.098388 4.237553
422.098388 4.241758
422.098388 3.151533
421.894793 3.154871
417.600923 3.155813
422.098388 3.156270
422.098388 3.202182
422.098388 3.166609
422.098388 3.155534
421.894793 3.149965
422.098388 3.163676
422.098388 3.152750
422.098388 3.152908
425.510187 3.158623
422.098388 3.153590
422.098388 4.243919
422.098388 4.236525
422.098388 3.156655
417.600923 3.169462
425.510187 3.153705
422.098388 3.157631
422.098388 3.158832
422.098388 3.154500
422.098388 3.155079
422.098388 3.149817
421.894793 3.156268
422.098388 3.155670
421.894793 3.153749
422.098388 4.242047
422.098388 4.236293
422.098388 3.155325
425.510187 3.160543
422.098388 3.162174
421.894793 4.245557
422.098388 4.251488
421.894793 3.170900
425.510187 3.152715
422.098388 4.246449
421.894793 4.245813
422.098388 3.151850
422.098388 3.155124
422.098388 3.157217
422.098388 3.154340
422.098388 3.153951
422.098388 3.160767
422.098388 3.153529
422.098388 3.158014
422.098388 3.162118
422.098388 3.166755
422.098388 3.157618
421.894793 3.194891
425.510187 3.155914
425.510187 3.159297
422.098388 4.247735
421.894793 4.249766
417.600923 3.162626
422.098388 3.160495
422.098388 3.164689
421.894793 3.165175
425.510187 3.155985
422.098388 4.247154
422.098388 4.244912
417.600923 3.154494
422.098388 3.159250
425.510187 3.158344
422.098388 3.162154
422.098388 3.155276
422.098388 4.253495
422.098388 4.243040
422.098388 3.161425
422.098388 3.162775
422.098388 3.155619
422.098388 3.152982
421.894793 3.158531
422.098388 3.155775
422.098388 3.165854
421.894793 4.249131
422.098388 4.243632
417.600923 3.160780
422.098388 3.162711
422.098388 3.159841
422.098388 3.157137
421.894793 3.151385
417.600923 3.162344
417.600923 4.248120
417.600923 4.242163
422.098388 4.239955
422.098388 4.246030
422.098388 3.160009
422.098388 3.174173
422.098388 3.156705
422.098388 3.156552
417.600923 3.166799
422.098388 3.155052
421.894793 3.156019
422.098388 3.162698
425.510187 3.158666
425.510187 3.154839
425.510187 3.152665
421.894793 3.156612
417.600923 3.166585
417.600923 4.248261
422.098388 4.246747
422.098388 4.237382
422.098388 4.234873
422.098388 3.156439
422.098388 3.153002
422.098388 3.174842
422.098388 3.151640
423.510023 3.156255
422.098388 3.163514
422.098388 3.164710
422.098388 3.172811
422.098388 3.154893
422.098388 3.154469
421.894793 3.157168
422.098388 3.156679
422.098388 3.158004
422.098388 3.162751
421.894793 3.194893
421.894793 3.159054
422.098388 4.249652
422.098388 4.236946
425.510187 3.163187
422.098388 3.152358
422.098388 3.157197
422.098388 3.159798
417.600923 3.153688
422.098388 3.151793
422.098388 3.154332
425.510187 3.156653
425.510187 4.245126
422.098388 4.238126
422.098388 3.157350
438.073188 3.153637
422.098388 3.157887
422.098388 3.162374
422.098388 3.163894
422.098388 3.170554
422.098388 3.166011
422.098388 3.156125
422.098388 3.161172
422.098388 4.243070
422.098388 4.238592
422.098388 4.248215
425.510187 4.237327
422.098388 3.159020
422.098388 3.153463
422.098388 3.154647
422.098388 3.159332
422.098388 3.156317
422.098388 3.177930
417.600923 3.160331
422.098388 3.163732
422.098388 3.166109
422.098388 3.151331
417.600923 4.249566
417.600923 4.242156
422.098388 3.156026
422.098388 3.153530
422.098388 3.153682
422.098388 3.160945
422.098388 3.158955
422.098388 3.155309
422.098388 4.244372
422.098388 4.235523
425.510187 3.165028
422.098388 3.163464
422.098388 3.164899
425.510187 3.158406
422.098388 3.154711
422.098388 3.157687
422.098388 3.165970
422.098388 3.173485
422.098388 4.251380
422.098388 4.235081
422.098388 3.160106
425.510187 3.164362
422.098388 4.249629
422.098388 4.251470
422.098388 3.158574
422.098388 3.155337
422.098388 3.153644
422.098388 3.156977
417.600923 3.174156
422.098388 3.164714
422.098388 3.162969
422.098388 3.154562
422.098388 3.156518
422.098388 3.160565
422.098388 3.163506
422.098388 3.159310
422.098388 3.155581
422.098388 3.182485
425.510187 3.154874
422.098388 3.157869
422.098388 3.157667
422.098388 3.154653
422.098388 3.157933
422.098388 3.154598
422.098388 3.192681
422.098388 3.155481
425.510187 3.157799
422.098388 3.156991
417.600923 3.163693
422.098388 3.154707
422.098388 3.154380
422.098388 3.155004
422.098388 3.153114
421.894793 3.165940
422.098388 3.161048
425.510187 3.161585
425.510187 3.163422
422.098388 3.154036
422.098388 3.154053
422.098388 4.242528
422.098388 4.244484
422.098388 3.156139
422.098388 3.164743
422.098388 3.200314
422.098388 3.161614
422.098388 3.161651
422.098388 3.156029
422.098388 3.156948
422.098388 3.154901
422.098388 3.155825
422.098388 4.250254
421.894793 4.239851
417.600923 4.258499
425.510187 4.240322
425.510187 3.182835
422.098388 3.154196
422.098388 3.157468
425.510187 3.167358
422.098388 3.165377
422.098388 3.161689
422.098388 3.162225
422.098388 3.157017
425.510187 3.157826
422.098388 4.248646
425.510187 4.235942
425.510187 3.160059
422.098388 3.171001
422.098388 3.156329
425.510187 3.157646
422.098388 4.251004
422.098388 4.246268
422.098388 3.153793
422.098388 3.158185
417.600923 3.159630
421.894793 3.172489
422.098388 3.165792
422.098388 3.157836
422.098388 3.158258
422.098388 4.246995
425.510187 4.236888
422.098388 3.158252
422.098388 3.162156
422.098388 3.157461
422.098388 3.159401
422.098388 3.160124
422.098388 3.168617
422.098388 3.159484
417.600923 4.243181
422.098388 4.240766
422.098388 3.164057
421.894793 3.154664
422.098388 3.167409
422.098388 3.167724
422.098388 3.154473
421.894793 3.164793
422.098388 3.157552
425.510187 3.161401
422.098388 3.154028
422.098388 3.168496
421.894793 3.163656
422.098388 3.156542
422.098388 3.176980
425.510187 3.152702
422.098388 3.155624
422.098388 3.156194
422.098388 3.154855
422.098388 3.165055
422.098388 3.155431
422.098388 3.153789
422.098388 3.158894
422.098388 3.158977
422.098388 3.155654
422.098388 3.164364
422.098388 3.160575
422.098388 3.156623
422.098388 3.158026
422.098388 4.288838
422.098388 4.251131
422.098388 3.156488
425.510187 3.155990
422.098388 4.248474
422.098388 4.242748
422.098388 3.157052
422.098388 3.160490
422.098388 3.159086
422.098388 3.161285
422.098388 3.160887
421.894793 3.153294
422.098388 3.159646
422.098388 3.156613
422.098388 4.252775
422.098388 4.239660
422.098388 4.238273
422.098388 4.249881
422.098388 3.155235
422.098388 3.152484
425.510187 3.157225
421.894793 3.164403
422.098388 3.155785
422.098388 3.233058
422.098388 3.155173
425.510187 3.153425
422.098388 3.154885
425.510187 3.165040
422.098388 4.247114
422.098388 4.239504
421.894793 3.169707
422.098388 3.157735
422.098388 3.157059
422.098388 3.156252
422.098388 4.250403
422.098388 4.241343
425.510187 3.189718
422.098388 3.154912
422.098388 3.152862
422.098388 3.160655
422.098388 3.153753
422.098388 4.251159
417.600923 4.244137
422.098388 3.154079
422.098388 3.154005
422.098388 3.152868
422.098388 3.160064
422.098388 3.153322
422.098388 3.155348
421.894793 3.158403
422.098388 3.156902
422.098388 3.156252
422.098388 3.155721
422.098388 3.156097
425.510187 3.160133
422.098388 3.160427
422.098388 3.157271
422.098388 3.169684
422.098388 3.157192
422.098388 3.157107
421.894793 3.160101
422.098388 4.243761
422.098388 4.241232
417.600923 4.244569
422.098388 4.238071
422.098388 3.156458
422.098388 3.153700
422.098388 3.154842
422.098388 3.157820
422.098388 3.163867
422.098388 3.155432
422.098388 4.247994
422.098388 4.237602
421.894793 3.152165
422.098388 3.154015
422.098388 3.150918
422.098388 3.161732
422.098388 3.164877
422.098388 3.153168
422.098388 3.154048
422.098388 3.154774
422.098388 3.157071
422.098388 3.162151
422.098388 3.168507
421.894793 3.159729
422.098388 3.153379
417.600923 3.393972
422.098388 3.161428
422.098388 3.155158
422.098388 3.161375
422.098388 3.156397
422.098388 3.156020
422.098388 4.245075
422.098388 4.237777
425.510187 3.161484
422.098388 3.162777
422.098388 3.155256
422.098388 3.153698
422.098388 3.153707
422.098388 3.156519
422.098388 3.152755
422.098388 3.153476
422.098388 3.189263
425.510187 3.150910
422.098388 3.156373
422.098388 3.162963
421.894793 3.158000
422.098388 3.156968
422.098388 4.244429
422.098388 4.247544
422.098388 4.237180
422.098388 4.237388
422.098388 3.156906
422.098388 3.153777
417.600923 3.155742
422.098388 3.158829
425.510187 3.154744
425.510187 3.153532
422.098388 3.164207
422.098388 4.247054
422.098388 4.241706
422.098388 3.155013
417.600923 3.165713
422.098388 3.160917
422.098388 3.156294
422.098388 3.158879
422.098388 3.163312
417.600923 3.160865
422.098388 3.162056
422.098388 3.153904
422.098388 3.164581
422.098388 3.177725
422.098388 3.155930
422.098388 3.156746
421.894793 3.156620
421.894793 3.154972
422.098388 3.159788
422.098388 3.156263
422.098388 4.243829
422.098388 4.249928
422.098388 3.156535
422.098388 3.157804
422.098388 3.154973
422.098388 3.152283
422.098388 3.163600
422.098388 3.163381
425.510187 3.157931
422.098388 3.158384
422.098388 3.154513
422.098388 3.154607
421.894793 3.154460
422.098388 3.155772
422.098388 4.251561
422.098388 4.244642
422.098388 3.172030
421.894793 3.155186
422.098388 4.243998
422.098388 4.234928
422.098388 3.167375
425.510187 3.152988
422.098388 3.154557
421.894793 3.156774
422.098388 3.156964
422.098388 3.154383
422.098388 3.160390
422.098388 3.152665
422.098388 3.157258
422.098388 4.247101
421.894793 4.237958
422.098388 3.153967
422.098388 4.242664
421.894793 4.247575
421.894793 3.172767
417.600923 3.157165
422.098388 3.158879
422.098388 3.152253
422.098388 3.170153
422.098388 3.156446
417.600923 3.172512
422.098388 3.163553
422.098388 3.155807
422.098388 3.156282
422.098388 3.154859
422.098388 3.159124
422.098388 3.156196
422.098388 3.154467
425.510187 3.153615
417.600923 3.168512
425.510187 3.155964
425.510187 3.151698
425.510187 3.163066
422.098388 3.163223
422.098388 3.155269
422.098388 3.155469
422.098388 3.154459
422.098388 3.153760
425.510187 3.163490
422.098388 3.177503
422.098388 3.161871
422.098388 3.155319
421.894793 3.159999
422.098388 3.158579
422.098388 3.150750
425.510187 3.153670
422.098388 3.153820
422.098388 3.151963
417.600923 3.155337
422.098388 3.152940
422.098388 4.250944
417.600923 4.245381
422.098388 3.154583
422.098388 3.162072
422.098388 3.163060
417.600923 3.154347
425.510187 3.154869
422.098388 3.154767
422.098388 3.152364
422.098388 4.253371
422.098388 4.238555
425.510187 3.152221
422.098388 4.248565
422.098388 4.240982
422.098388 4.237804
423.510023 4.237299
422.098388 3.160736
422.098388 3.160127
422.098388 3.153164
422.098388 3.163614
422.098388 4.245861
422.098388 4.241567
421.894793 3.211682
425.510187 3.154425
422.098388 3.157443
422.098388 3.154962
422.098388 3.163825
422.098388 3.158370
422.098388 3.158521
422.098388 3.156168
422.098388 3.153101
417.600923 4.248465
417.600923 4.239145
422.098388 3.183153
422.098388 3.156806
422.098388 3.159020
422.098388 3.155867
425.510187 3.152611
417.600923 3.155470
422.098388 4.253537
425.510187 4.239869
422.098388 3.153413
422.098388 3.154925
422.098388 4.255548
417.600923 4.244753
422.098388 3.209582
422.098388 3.161512
422.098388 3.154339
422.098388 3.154888
422.098388 3.162562
422.098388 3.153263
422.098388 4.247204
422.098388 4.248736
425.510187 3.154930
422.098388 3.163258
422.098388 3.151900
425.510187 3.157358
422.098388 3.155424
422.098388 3.157000
422.098388 3.157125
422.098388 3.159277
425.510187 3.157092
422.098388 3.158618
422.098388 3.156396
422.098388 3.175944
425.510187 4.246551
422.098388 4.237806
422.098388 3.157009
422.098388 3.152881
422.098388 3.156343
425.510187 3.162832
425.510187 3.184984
425.510187 3.157618
422.098388 3.157718
422.098388 3.153862
422.098388 3.154135
421.894793 3.155468
422.098388 3.158796
422.098388 3.152844
422.098388 3.145672
422.098388 3.157078
422.098388 3.161277
422.098388 3.157990
422.098388 3.156541
422.098388 3.153468
421.894793 3.175349
422.098388 3.157252
423.510023 3.217013
422.098388 3.155159
422.098388 3.159733
425.510187 3.151409
422.098388 3.161793
425.510187 3.162738
422.098388 4.254808
422.098388 4.238937
422.098388 4.242157
422.098388 4.240792
422.098388 3.153703
422.098388 3.155467
422.098388 3.155813
422.098388 3.153603
422.098388 3.167087
422.098388 3.156099
422.098388 4.242890
422.098388 4.237398
425.510187 3.160399
422.098388 3.158844
422.098388 3.161374
422.098388 3.157425
422.098388 3.161006
422.098388 3.162434
425.510187 3.156587
422.098388 3.165688
422.098388 3.163657
422.098388 3.163093
425.510187 3.173212
422.098388 3.173073
421.894793 3.156369
422.098388 3.152968
425.510187 3.158834
422.098388 3.159108
422.098388 3.156733
417.600923 3.155304
422.098388 3.155700
422.098388 3.166963
422.098388 3.163151
422.098388 4.246287
422.098388 4.239450
422.098388 3.163976
422.098388 3.165814
422.098388 3.158865
417.600923 3.171478
422.098388 4.248152
422.098388 4.240819
422.098388 3.154560
425.510187 3.227419
422.098388 3.163254
422.098388 3.163601
422.098388 4.247441
422.098388 4.236968
425.510187 3.153580
422.098388 3.164074
422.098388 3.154454
422.098388 3.155445
422.098388 3.155826
421.894793 3.166343
422.098388 3.160581
422.098388 3.159781
422.098388 3.156820
422.098388 3.162501
422.098388 3.159106
422.098388 3.157962
422.098388 3.162469
422.098388 3.158674
425.510187 3.148562
422.098388 3.156841
421.894793 3.155192
422.098388 3.154512
422.098388 3.156564
422.098388 3.157456
425.510187 3.159769
422.098388 3.161422
422.098388 3.159604
422.098388 3.162821
422.098388 3.156832
421.894793 3.163972
422.098388 3.155103
422.098388 3.162031
422.098388 3.157493
422.098388 3.159920
425.510187 3.167352
422.098388 3.161150
425.510187 3.156657
422.098388 3.158658
422.098388 3.157665
422.098388 3.164887
422.098388 3.153739
422.098388 3.157007
422.098388 3.163649
422.098388 3.164733
422.098388 3.167118
422.098388 3.160974
422.098388 3.152540
422.098388 3.153777
417.600923 3.154540
422.098388 3.151941
422.098388 3.152429
422.098388 3.152990
422.098388 3.160411
422.098388 3.164453
417.600923 4.250350
422.098388 4.234419
421.894793 4.238406
422.098388 4.242637
422.098388 3.161004
422.098388 3.152287
422.098388 4.245617
422.098388 4.248213
422.098388 3.163460
421.894793 3.169171
422.098388 3.157058
422.098388 3.167224
421.894793 3.155607
422.098388 3.166007
422.098388 3.160948
422.098388 3.170528
422.098388 3.162419
422.098388 3.159632
422.098388 3.159307
422.098388 3.197449
422.098388 3.154550
425.510187 3.183582
422.098388 3.158334
422.098388 3.154374
422.098388 3.165724
422.098388 3.162303
425.510187 3.163485
422.098388 3.156906
422.098388 4.244889
422.098388 4.244683
422.098388 4.240770
422.098388 4.237557
423.510023 3.162976
422.098388 3.152336
421.894793 3.162555
422.098388 3.153387
422.098388 3.160636
422.098388 3.162006
422.098388 3.157600
422.098388 3.162820
425.510187 3.157403
422.098388 3.159298
422.098388 3.163141
422.098388 3.156190
422.098388 3.158077
425.510187 3.156930
422.098388 3.163112
417.600923 3.160831
422.098388 3.158229
422.098388 3.197842
425.510187 3.168888
422.098388 3.163520
422.098388 3.157761
422.098388 3.163656
422.098388 4.253097
425.510187 4.236300
422.098388 4.244038
422.098388 4.238882
422.098388 3.160499
422.098388 3.158826
422.098388 3.154241
422.098388 3.155081
422.098388 3.160919
422.098388 3.154466
422.098388 3.154450
422.098388 3.160262
421.894793 3.154198
422.098388 3.155139
422.098388 3.154198
417.600923 4.253848
422.098388 4.237401
422.098388 3.157734
422.098388 3.158045
422.098388 3.157743
422.098388 3.154726
422.098388 3.158731
421.894793 3.153548
425.510187 4.245326
422.098388 4.248707
422.098388 3.155238
422.098388 4.246380
422.098388 4.249671
422.098388 4.250921
422.098388 4.259207
421.894793 3.154969
422.098388 3.162748
421.894793 3.153835
422.098388 3.159588
422.098388 3.157070
421.894793 3.162706
422.098388 3.156752
422.098388 3.155043
422.098388 3.152575
422.098388 3.164226
421.894793 3.153580
422.098388 3.151310
422.098388 3.162514
422.098388 3.157309
425.510187 3.157054
422.098388 3.160349
422.098388 3.165791
422.098388 3.155504
422.098388 3.163945
421.894793 3.163601
422.098388 3.171795
422.098388 3.156064
422.098388 3.155315
422.098388 3.156833
425.510187 3.154696
421.894793 3.156656
422.098388 4.246794
421.894793 4.243249
422.098388 3.153548
422.098388 3.156697
422.098388 3.164451
422.098388 3.157925
422.098388 3.156359
422.098388 3.157848
422.098388 3.152561
422.098388 3.152649
422.098388 3.158502
422.098388 3.158658
422.098388 3.207760
422.098388 3.163299
422.098388 3.160350
422.098388 4.245731
425.510187 4.233748
422.098388 3.156705
422.098388 3.154822
423.510023 3.168418
422.098388 3.198711
422.098388 3.181303
422.098388 3.155194
422.098388 3.154206
422.098388 3.155679
425.510187 3.152766
422.098388 3.192734
422.098388 3.160532
422.098388 3.157853
422.098388 3.155095
422.098388 3.149023
422.098388 3.163780
425.510187 3.167599
422.098388 3.154055
422.098388 3.154266
422.098388 3.154950
421.894793 3.162144
425.510187 4.243179
422.098388 4.237861
422.098388 3.159186
422.098388 3.173870
417.600923 3.165853
417.600923 3.155187
417.600923 3.159001
422.098388 3.157074
422.098388 3.163021
422.098388 4.247098
422.098388 4.246158
422.098388 3.151381
417.600923 4.250933
421.894793 4.239075
421.894793 3.162932
422.098388 3.156237
422.098388 3.162304
422.098388 3.153924
422.098388 4.246252
425.510187 4.242670
422.098388 3.150443
421.894793 3.153731
422.098388 3.151558
425.510187 3.156336
422.098388 3.176979
422.098388 3.164379
422.098388 3.167452
421.894793 3.156845
422.098388 3.155441
417.600923 3.162500
422.098388 3.159719
423.510023 3.152287
422.098388 3.156978
422.098388 3.153816
422.098388 3.161448
417.600923 3.158220
421.894793 4.253528
422.098388 4.244056
425.510187 3.159862
422.098388 3.171193
422.098388 3.158892
422.098388 3.155189
422.098388 3.156841
422.098388 3.163858
422.098388 3.161862
422.098388 3.966207
422.098388 4.237039
422.098388 3.152551
422.098388 3.163784
422.098388 3.161416
422.098388 3.161794
422.098388 3.154929
425.510187 3.158168
425.510187 3.159002
422.098388 3.154384
422.098388 3.158418
422.098388 3.154644
422.098388 3.153080
422.098388 3.156580
422.098388 4.248784
422.098388 4.237342
422.098388 3.154722
422.098388 3.158863
417.600923 3.159804
422.098388 3.153600
422.098388 3.155387
417.600923 3.158008
422.098388 3.154738
422.098388 3.160912
425.510187 3.160511
421.894793 3.152076
422.098388 3.162485
422.098388 3.152471
422.098388 3.172270
425.510187 3.163529
422.098388 3.147483
422.098388 3.159905
422.098388 3.153423
425.510187 3.196129
422.098388 3.155258
422.098388 3.169244
422.098388 3.153092
422.098388 4.247645
425.510187 4.246577
422.098388 3.159725
422.098388 3.175420
425.510187 3.155293
422.098388 3.160714
422.098388 3.152143
422.098388 3.165616
422.098388 3.154025
422.098388 3.153028
422.098388 3.156407
425.510187 3.151867
422.098388 3.153465
422.098388 3.154801
422.098388 3.155150
425.510187 3.156530
422.098388 3.151813
417.600923 3.155061
422.098388 3.169481
422.098388 3.155209
422.098388 3.155229
422.098388 3.189956
422.098388 3.154838
422.098388 3.154218
423.510023 3.166648
422.098388 4.245697
422.098388 4.236012
422.098388 3.156770
422.098388 4.243166
422.098388 4.244155
422.098388 3.155396
422.098388 3.187718
422.098388 3.153947
422.098388 3.154515
421.894793 3.186678
422.098388 3.163275
422.098388 3.161770
422.098388 4.242319
422.098388 4.238279
422.098388 4.258863
425.510187 3.152850
422.098388 3.163752
422.098388 3.163343
422.098388 3.163738
422.098388 3.156877
422.098388 3.162750
422.098388 3.153792
421.894793 4.242299
422.098388 4.243317
422.098388 3.153805
422.098388 4.253343
422.098388 4.243784
422.098388 4.247787
422.098388 3.154112
422.098388 3.158438
425.510187 4.242799
422.098388 4.236867
422.098388 3.160348
422.098388 3.152544
422.098388 3.158264
422.098388 3.154839
422.098388 3.160108
422.098388 3.156007
422.098388 3.155220
422.098388 4.249888
425.510187 4.246712
422.098388 3.241850
422.098388 3.153317
421.894793 4.245790
422.098388 4.245454
422.098388 4.246123
425.510187 3.152374
422.098388 3.161883
422.098388 4.245212
422.098388 4.236034
422.098388 3.153201
422.098388 3.156360
421.894793 3.173339
422.098388 3.155493
422.098388 3.162564
422.098388 3.163003
422.098388 3.157121
422.098388 3.171333
417.600923 3.156278
421.894793 3.157272
422.098388 3.162255
422.098388 3.156452
422.098388 3.156403
422.098388 3.157328
422.098388 3.173797
422.098388 4.243441
425.510187 4.248127
422.098388 4.244430
422.098388 3.163647
422.098388 3.167576
425.510187 3.157580
422.098388 3.162462
425.510187 3.156179
422.098388 3.154311
417.600923 3.158317
425.510187 3.153092
417.600923 3.153344
422.098388 3.156227
421.894793 3.155620
422.098388 3.155019
421.894793 3.176586
422.098388 3.151219
422.098388 3.159198
425.510187 3.154328
422.098388 3.152956
422.098388 4.247956
422.098388 4.230471
422.098388 3.156904
421.894793 3.156553
423.510023 3.156909
422.098388 3.155724
422.098388 3.152762
417.600923 3.158248
422.098388 3.152397
425.510187 3.159889
422.098388 3.155088
422.098388 3.162858
422.098388 3.155510
425.510187 3.158792
422.098388 3.156155
422.098388 3.166520
425.510187 3.169814
422.098388 3.158507
422.098388 3.152293
422.098388 3.163140
417.600923 3.161023
421.894793 3.156297
422.098388 3.155164
422.098388 3.159433
422.098388 4.242474
422.098388 4.242657
422.098388 3.157523
421.894793 3.152513
422.098388 3.156093
422.098388 4.243249
417.600923 4.255794
421.894793 3.157998
422.098388 3.154777
422.098388 3.156568
425.510187 3.164576
422.098388 3.156030
422.098388 3.159392
422.098388 3.155743
422.098388 3.164154
421.894793 3.155310
422.098388 3.167828
422.098388 3.150889
422.098388 3.154419
422.098388 3.152425
422.098388 3.153130
422.098388 3.162504
425.510187 3.160317
422.098388 3.163346
422.098388 3.154558
422.098388 3.172523
422.098388 3.156837
422.098388 3.155436
422.098388 3.164715
422.098388 3.158214
422.098388 4.252984
422.098388 4.241105
422.098388 3.157704
417.600923 3.155998
422.098388 4.246256
422.098388 4.244767
422.098388 3.152048
422.098388 3.162756
422.098388 3.154061
417.600923 3.155944
422.098388 3.160154
417.600923 3.154952
417.600923 4.242946
425.510187 4.238097
422.098388 3.159114
425.510187 3.155069
422.098388 3.156387
417.600923 3.153749
417.600923 3.164938
422.098388 3.161074
422.098388 3.164343
417.600923 3.159943
422.098388 3.191531
422.098388 4.245070
422.098388 4.239541
422.098388 3.163221
422.098388 3.159871
422.098388 3.166504
422.098388 3.163581
422.098388 3.155916
421.894793 3.159370
422.098388 3.231646
417.600923 3.152149
422.098388 4.242774
422.098388 4.244539
417.600923 3.154055
422.098388 3.162236
422.098388 4.247061
422.098388 4.240321
422.098388 3.155659
422.098388 4.246199
422.098388 4.237016
422.098388 3.158278
422.098388 3.154509
422.098388 3.164077
422.098388 3.164475
417.600923 3.157518
422.098388 3.151366
422.098388 3.163393
422.098388 3.155617
422.098388 3.153158
425.510187 3.153397
422.098388 4.252312
422.098388 4.239228
422.098388 3.155818
422.098388 3.153069
422.098388 3.160103
422.098388 3.166796
421.894793 3.153584
417.600923 3.155324
422.098388 3.164572
417.600923 3.175946
422.098388 3.156497
425.510187 3.154435
422.098388 3.155908
422.098388 3.155124
421.894793 3.153250
422.098388 3.154464
425.510187 3.157299
425.510187 3.153729
422.098388 3.168488
422.098388 3.154531
422.098388 3.159896
422.098388 4.243123
425.510187 4.241926
422.098388 3.161314
422.098388 3.160986
422.098388 3.159333
417.600923 4.243741
422.098388 4.244511
422.098388 3.156434
421.894793 3.152880
425.510187 4.243292
425.510187 4.239519
422.098388 3.157674
422.098388 3.162430
422.098388 3.160065
422.098388 3.154861
421.894793 3.157307
422.098388 3.160807
422.098388 3.154207
422.098388 3.160344
422.098388 3.157186
422.098388 3.160359
422.098388 3.158274
422.098388 4.244508
422.098388 4.237524
422.098388 3.167679
422.098388 3.158148
422.098388 3.159278
422.098388 3.155968
422.098388 3.168027
425.510187 3.166023
422.098388 3.169513
422.098388 3.162136
422.098388 3.155216
422.098388 3.157030
422.098388 3.165938
422.098388 3.155612
422.098388 3.156864
425.510187 3.165667
422.098388 3.167440
422.098388 3.154501
417.600923 3.165684
422.098388 3.157761
421.894793 4.256109
422.098388 4.242122
422.098388 3.153937
422.098388 3.152505
422.098388 3.151627
417.600923 3.164300
421.894793 3.159503
422.098388 3.171285
425.510187 3.162024
422.098388 3.159677
422.098388 3.152762
422.098388 4.249871
417.600923 4.257231
425.510187 3.155154
425.510187 3.160211
422.098388 4.254015
422.098388 4.244489
422.098388 3.155767
422.098388 3.153383
422.098388 3.187500
422.098388 3.157150
422.098388 4.247533
422.098388 4.247845
425.510187 3.154391
422.098388 3.154565
422.098388 3.159338
421.894793 3.156244
422.098388 3.152200
422.098388 3.159941
422.098388 3.151635
422.098388 3.155666
422.098388 4.246091
422.098388 4.250824
422.098388 3.166393
422.098388 3.162681
422.098388 3.164029
417.600923 3.154965
422.098388 3.188576
422.098388 3.156593
425.510187 3.174806
422.098388 3.163056
417.600923 3.159762
422.098388 3.158215
422.098388 3.152784
422.098388 3.157612
422.098388 3.154311
422.098388 3.159409
425.510187 3.162070
421.894793 3.152781
422.098388 4.252171
422.098388 4.247082
425.510187 3.159642
422.098388 4.246801
422.098388 4.241885
422.098388 3.166532
422.098388 4.246096
425.510187 4.239857
417.600923 3.155720
422.098388 3.154438
422.098388 3.153995
425.510187 3.153993
422.098388 3.155144
422.098388 3.157517
422.098388 3.152246
422.098388 3.161032
422.098388 3.151024
417.600923 4.252023
422.098388 4.247599
422.098388 3.157705
422.098388 3.158333
417.600923 3.151173
422.098388 3.155906
422.098388 3.155786
422.098388 4.244223
417.600923 4.239171
421.894793 3.160355
425.510187 3.176778
422.098388 3.153462
422.098388 3.158109
422.098388 3.160595
422.098388 3.153663
425.510187 3.158699
422.098388 4.245050
422.098388 4.247629
422.098388 4.248888
422.098388 3.152240
422.098388 3.155542
422.098388 3.163075
422.098388 3.159556
425.510187 4.252191
422.098388 4.242167
422.098388 3.156133
422.098388 3.156488
422.098388 3.162507
422.098388 3.153237
422.098388 3.157072
421.894793 3.155765
422.098388 3.166966
422.098388 3.156852
422.098388 3.161412
425.510187 3.155952
422.098388 3.165329
425.510187 3.163344
422.098388 4.250590
417.600923 4.247736
422.098388 4.239871
422.098388 4.273776
422.098388 3.151899
422.098388 3.189709
422.098388 3.153967
421.894793 3.168475
422.098388 4.247214
422.098388 4.238449
422.098388 3.155784
422.098388 3.158617
422.098388 4.249857
422.098388 3.159867
421.894793 3.162414
421.894793 3.196921
417.600923 3.175029
422.098388 3.172050
417.600923 3.154426
417.600923 3.164555
422.098388 3.157318
422.098388 3.163071
422.098388 3.152726
425.510187 3.160281
423.510023 3.156860
422.098388 3.156466
425.510187 3.159345
422.098388 4.246158
421.894793 4.245481
422.098388 3.160844
422.098388 3.152998
425.510187 3.156004
425.510187 3.158594
417.600923 3.163930
421.894793 4.246393
422.098388 4.237604
422.098388 3.154767
422.098388 3.161652
422.098388 3.157319
422.098388 3.153316
422.098388 3.159103
422.098388 3.159888
422.098388 3.158188
422.098388 3.163050
422.098388 3.157032
422.098388 3.155243
422.098388 3.151951
421.894793 3.165601
422.098388 3.153452
425.510187 3.156214
422.098388 3.161025
422.098388 3.153003
422.098388 3.159974
422.098388 3.153449
422.098388 3.157717
425.510187 3.153361
422.098388 3.164967
422.098388 3.154439
422.098388 3.156036
422.098388 3.156834
422.098388 4.252359
422.098388 4.240594
422.098388 3.158189
425.510187 3.156573
422.098388 3.158375
422.098388 3.152997
417.600923 3.155541
422.098388 3.156659
422.098388 3.160152
422.098388 3.169166
422.098388 3.155554
422.098388 3.154270
422.098388 3.168489
422.098388 3.155561
422.098388 3.158818
422.098388 3.155361
425.510187 3.159467
425.510187 3.158218
422.098388 3.159477
422.098388 3.162812
422.098388 3.157144
422.098388 3.163679
422.098388 3.154827
417.600923 3.155857
421.894793 3.158935
425.510187 3.157281
422.098388 3.157432
422.098388 3.160543
425.510187 3.161283
422.098388 3.154555
422.098388 3.153312
425.510187 3.159327
425.510187 3.162414
422.098388 3.156317
422.098388 3.155793
422.098388 3.157411
422.098388 3.156817
422.098388 3.157843
417.600923 3.164173
425.510187 3.155804
422.098388 3.163232
422.098388 3.163072
417.600923 3.161753
422.098388 3.158706
422.098388 3.156156
421.894793 3.161544
422.098388 3.154921
422.098388 3.159273
422.098388 3.159607
422.098388 3.159943
422.098388 3.162193
422.098388 3.156972
417.600923 3.172101
423.510023 3.156556
422.098388 3.157734
422.098388 3.163683
422.098388 3.157105
422.098388 4.248002
422.098388 4.238840
422.098388 3.157360
422.098388 4.249962
422.098388 4.238019
417.600923 3.236042
422.098388 4.245074
422.098388 4.238514
422.098388 3.161893
422.098388 3.156584
422.098388 3.156554
422.098388 3.159640
421.894793 3.155961
422.098388 3.157159
422.098388 3.160327
422.098388 3.154665
417.600923 3.157616
422.098388 3.156716
421.894793 3.155944
421.894793 4.244108
422.098388 4.240312
422.098388 4.238038
422.098388 4.242692
417.600923 3.156036
422.098388 3.156420
422.098388 3.158108
422.098388 3.158888
422.098388 4.247331
421.894793 4.239884
422.098388 3.167104
422.098388 3.153735
421.894793 3.161047
422.098388 3.160054
422.098388 3.162281
422.098388 3.158516
422.098388 3.165768
422.098388 3.157333
422.098388 3.154672
425.510187 3.154474
422.098388 3.155884
422.098388 3.164389
422.098388 4.250492
422.098388 4.236098
425.510187 3.155942
422.098388 3.154486
417.600923 4.244968
421.894793 4.236720
422.098388 3.166950
422.098388 3.167456
422.098388 3.163984
422.098388 4.244423
422.098388 4.236992
422.098388 3.155196
422.098388 3.152113
422.098388 3.158075
422.098388 3.155503
422.098388 3.152656
425.510187 3.154376
422.098388 3.173871
422.098388 3.156208
417.600923 3.157982
422.098388 3.154812
422.098388 3.156423
422.098388 3.159680
421.894793 3.151466
417.600923 3.161145
422.098388 3.159245
422.098388 3.159261
422.098388 3.165729
422.098388 3.157367
422.098388 3.161045
422.098388 3.166116
422.098388 3.154339
422.098388 3.156767
422.098388 3.169179
422.098388 3.154332
422.098388 3.159822
422.098388 3.153071
422.098388 3.158195
422.098388 3.164081
422.098388 3.152532
422.098388 3.158989
422.098388 3.157948
422.098388 3.155578
422.098388 3.166030
421.894793 3.172522
421.894793 3.156097
422.098388 3.157098
422.098388 3.160282
417.600923 3.160101
422.098388 3.167397
422.098388 3.157392
422.098388 3.174400
422.098388 3.159648
421.894793 3.167056
422.098388 4.250265
417.600923 4.239702
422.098388 4.242281
417.600923 4.244272
417.600923 3.163034
421.894793 3.162494
422.098388 3.155107
422.098388 3.157824
422.098388 3.167407
422.098388 3.165013
422.098388 4.248331
422.098388 4.252582
422.098388 3.160506
422.098388 3.149365
422.098388 3.168426
422.098388 3.155869
417.600923 3.161381
421.894793 3.156348
422.098388 3.153564
422.098388 3.151917
422.098388 3.162449
421.894793 3.159537
422.098388 3.160467
421.894793 3.166587
422.098388 3.157698
425.510187 3.158454
417.600923 3.158883
422.098388 3.156998
422.098388 3.164202
425.510187 3.158295
422.098388 3.213007
422.098388 3.152279
422.098388 3.174689
422.098388 3.157462
422.098388 3.158091
421.894793 3.157669
422.098388 3.159065
422.098388 3.161818
422.098388 3.165509
422.098388 3.164427
422.098388 3.162653
425.510187 3.164462
417.600923 3.166550
422.098388 3.174683
422.098388 3.167066
422.098388 3.229627
425.510187 3.161803
425.510187 3.158009
422.098388 3.157831
422.098388 4.244706
422.098388 4.242513
421.894793 3.157026
422.098388 3.162596
422.098388 3.159807
417.600923 3.158990
425.510187 3.159318
421.894793 3.158393
422.098388 3.153333
422.098388 3.158144
425.510187 3.153908
422.098388 3.150997
425.510187 3.153049
422.098388 3.150752
422.098388 3.161168
422.098388 3.174629
422.098388 3.156095
417.600923 3.156062
417.600923 3.165489
422.098388 3.157555
422.098388 3.154356
422.098388 3.168769
422.098388 4.255492
422.098388 4.234053
425.510187 3.163483
422.098388 4.245938
422.098388 4.236520
422.098388 3.156134
422.098388 3.199811
422.098388 3.154210
422.098388 3.154844
422.098388 3.161771
422.098388 3.156859
417.600923 3.156724
422.098388 3.150390
425.510187 3.157313
421.894793 3.155309
425.510187 4.249459
422.098388 4.236635
421.894793 4.240666
422.098388 4.241062
422.098388 4.238375
422.098388 4.266708
422.098388 3.156191
422.098388 3.153018
425.510187 3.156163
422.098388 3.158497
422.098388 3.160643
422.098388 3.152944
422.098388 3.158064
422.098388 3.151824
422.098388 3.161800
422.098388 3.159289
422.098388 4.248331
422.098388 4.235588
425.510187 3.153960
422.098388 3.165145
422.098388 3.161778
425.510187 3.163390
421.894793 3.165858
422.098388 3.152265
422.098388 3.154661
425.510187 3.154819
422.098388 3.156845
422.098388 3.171067
422.098388 3.152216
422.098388 3.151364
422.098388 3.152640
422.098388 3.158458
422.098388 3.153045
425.510187 4.244803
422.098388 4.237449
422.098388 3.152445
422.098388 3.152418
422.098388 3.153062
422.098388 4.244443
422.098388 4.235566
422.098388 3.151731
425.510187 3.154736
421.894793 3.153455
422.098388 3.161603
422.098388 3.162246
422.098388 3.163711
422.098388 3.156801
422.098388 3.151733
422.098388 3.155040
417.600923 4.245279
422.098388 4.236677
422.098388 3.154869
417.600923 3.155322
417.600923 3.175374
422.098388 3.153771
422.098388 3.164852
422.098388 3.163945
422.098388 3.154353
422.098388 3.155191
422.098388 3.155275
422.098388 3.155203
425.510187 3.166952
422.098388 3.155476
422.098388 3.157302
422.098388 3.155291
422.098388 3.176573
422.098388 3.158144
422.098388 3.157991
422.098388 3.162416
422.098388 3.155123
422.098388 3.185504
425.510187 3.159497
422.098388 3.163263
421.894793 3.157131
422.098388 3.154215
422.098388 3.153854
422.098388 3.156486
422.098388 3.153831
422.098388 3.158290
422.098388 3.170556
422.098388 3.166367
422.098388 3.155233
417.600923 3.154212
417.600923 3.150106
422.098388 3.152830
425.510187 3.152121
422.098388 3.153200
417.600923 3.156061
417.600923 3.158508
422.098388 3.157650
422.098388 3.156396
425.510187 3.155544
425.510187 3.157860
417.600923 3.159626
422.098388 3.153164
422.098388 3.168741
422.098388 3.168543
425.510187 3.160219
422.098388 3.165603
417.600923 3.155257
417.600923 3.158409
422.098388 3.154359
422.098388 3.153591
422.098388 3.159407
425.510187 3.155582
422.098388 3.156481
422.098388 3.160229
422.098388 3.150807
417.600923 3.157144
421.894793 3.157494
421.894793 4.247335
422.098388 4.236930
422.098388 3.155553
422.098388 3.156802
422.098388 4.247307
422.098388 4.244696
422.098388 3.160506
421.894793 3.153831
422.098388 3.156405
422.098388 3.161453
422.098388 3.179279
423.510023 3.184919
422.098388 3.150967
422.098388 3.164444
422.098388 3.157412
422.098388 3.175506
422.098388 3.166122
422.098388 3.161496
417.600923 3.160022
422.098388 3.159918
422.098388 3.166757
422.098388 3.155878
422.098388 4.245745
422.098388 4.235586
422.098388 3.155044
422.098388 3.154169
422.098388 3.153392
422.098388 3.176765
422.098388 3.157118
422.098388 3.162220
422.098388 3.154098
422.098388 3.158579
422.098388 3.179940
422.098388 3.156752
422.098388 3.209955
422.098388 3.154892
422.098388 3.168904
422.098388 3.165888
422.098388 3.151714
422.098388 3.156234
422.098388 4.240313
425.510187 4.234896
422.098388 3.160132
421.894793 3.164025
425.510187 3.152719
422.098388 3.158005
422.098388 4.247511
422.098388 4.232275
422.098388 3.175025
422.098388 3.152907
422.098388 4.245876
422.098388 4.240243
422.098388 3.160859
425.510187 3.157018
422.098388 3.157472
421.894793 3.150708
422.098388 3.154344
422.098388 3.158905
422.098388 3.153118
422.098388 3.158922
422.098388 4.255717
422.098388 4.236219
422.098388 3.161578
422.098388 3.164964
422.098388 3.161222
422.098388 3.157255
422.098388 3.153593
421.894793 3.157748
422.098388 3.156689
422.098388 3.154650
422.098388 3.155950
417.600923 3.158392
422.098388 3.151703
422.098388 3.152844
422.098388 3.165723
422.098388 3.165438
421.894793 3.159107
422.098388 3.155885
422.098388 3.155584
422.098388 3.153443
422.098388 3.169837
422.098388 3.165499
422.098388 3.159073
422.098388 3.167669
422.098388 3.152819
422.098388 4.248932
421.894793 4.240144
422.098388 3.156558
425.510187 3.174893
422.098388 3.172067
425.510187 3.159254
422.098388 3.154099
422.098388 4.245359
422.098388 4.238218
417.600923 4.241502
422.098388 4.240962
422.098388 3.152220
422.098388 3.161239
422.098388 3.180574
425.510187 3.154618
422.098388 3.153686
422.098388 3.155953
421.894793 3.159716
421.894793 4.248448
422.098388 4.278960
422.098388 3.168658
422.098388 3.156019
422.098388 3.168811
417.600923 3.158118
422.098388 3.154557
422.098388 3.161783
425.510187 3.157924
422.098388 3.155598
417.600923 3.151666
422.098388 3.155544
422.098388 3.166325
422.098388 3.159839
422.098388 3.160337
422.098388 4.244388
422.098388 4.238500
422.098388 3.161319
422.098388 3.157192
422.098388 3.161845
417.600923 3.157833
422.098388 3.161276
417.600923 3.165287
422.098388 3.151461
422.098388 3.156442
422.098388 3.157197
417.600923 3.162061
422.098388 3.160763
417.600923 3.153746
422.098388 3.160386
422.098388 3.158151
417.600923 3.159962
422.098388 3.156865
417.600923 3.168632
422.098388 3.169280
422.098388 3.168587
422.098388 3.153948
422.098388 3.150749
417.600923 3.161841
417.600923 3.158885
422.098388 3.163292
422.098388 3.154993
422.098388 3.152221
422.098388 3.167000
422.098388 3.152974
422.098388 3.156252
425.510187 3.163642
422.098388 3.163906
422.098388 3.154250
421.894793 3.174154
422.098388 3.166350
417.600923 3.154485
422.098388 3.156723
422.098388 4.251536
417.600923 4.245029
422.098388 3.169601
422.098388 3.153890
421.894793 3.157998
422.098388 3.156856
422.098388 3.157847
422.098388 4.245965
422.098388 4.243337
422.098388 3.154082
422.098388 3.158681
422.098388 3.158407
422.098388 3.158361
422.098388 3.156235
425.510187 3.172130
425.510187 4.244046
425.510187 4.238356
422.098388 3.172680
422.098388 3.165549
422.098388 3.158525
422.098388 3.152458
417.600923 3.163506
417.600923 3.158238
425.510187 3.158851
422.098388 4.246678
422.098388 4.240511
422.098388 3.167016
422.098388 3.163961
417.600923 4.244366
422.098388 4.240973
422.098388 3.173970
422.098388 3.161221
417.600923 3.157430
422.098388 4.246626
417.600923 4.236838
425.510187 3.153681
425.510187 3.155158
422.098388 3.159463
422.098388 3.206906
422.098388 3.155270
422.098388 4.248620
422.098388 4.234370
422.098388 3.158593
422.098388 3.153303
422.098388 3.161926
422.098388 3.166619
422.098388 3.156008
422.098388 3.153191
422.098388 3.164787
425.510187 3.163531
422.098388 3.198276
422.098388 3.153458
422.098388 3.158449
422.098388 3.159175
422.098388 3.157321
422.098388 3.160889
422.098388 3.157722
422.098388 3.161967
421.894793 3.157011
422.098388 3.157362
422.098388 3.160772
422.098388 3.160191
422.098388 3.158731
422.098388 3.155596
422.098388 3.155926
422.098388 3.154231
422.098388 3.156312
422.098388 3.176060
422.098388 3.168140
422.098388 3.161346
422.098388 3.162193
422.098388 3.155605
422.098388 3.152307
422.098388 3.163302
422.098388 3.171042
422.098388 3.163526
417.600923 3.154247
422.098388 3.158203
417.600923 4.243644
422.098388 4.243375
422.098388 3.160426
422.098388 3.158444
422.098388 3.154151
422.098388 3.153000
422.098388 4.244091
421.894793 4.237050
417.600923 3.152420
422.098388 3.177946
422.098388 3.153870
422.098388 3.164173
425.510187 3.160817
422.098388 3.168611
422.098388 3.157513
422.098388 3.158451
422.098388 3.163229
422.098388 3.157666
422.098388 3.156465
422.098388 3.159970
422.098388 3.160008
422.098388 3.209459
422.098388 3.153656
422.098388 3.158156
421.894793 4.241440
422.098388 4.233453
422.098388 3.157894
417.600923 3.156859
422.098388 3.159955
422.098388 3.155587
422.098388 3.157602
421.894793 3.159860
422.098388 3.159369
422.098388 3.164100
422.098388 3.153108
422.098388 3.151304
422.098388 4.244697
417.600923 4.244687
422.098388 3.158678
422.098388 3.153995
422.098388 3.159090
422.098388 3.153399
422.098388 3.165025
425.510187 3.161038
421.894793 3.155654
422.098388 3.157654
425.510187 3.160144
422.098388 3.163525
422.098388 3.154894
422.098388 3.154711
422.098388 4.248561
422.098388 4.244294
417.600923 3.152169
417.600923 3.157993
425.510187 3.156295
422.098388 3.157471
425.510187 4.247176
417.600923 4.240473
422.098388 3.155613
422.098388 3.157595
422.098388 3.154684
422.098388 3.157107
422.098388 3.160167
422.098388 3.150937
421.894793 3.153672
422.098388 4.248610
417.600923 4.247062
423.510023 4.246123
422.098388 3.158511
422.098388 3.155353
422.098388 4.244160
422.098388 4.238988
422.098388 3.152998
422.098388 3.157553
422.098388 4.243333
425.510187 4.237978
422.098388 3.159792
417.600923 3.159239
417.600923 3.152624
422.098388 3.175097
422.098388 3.152602
422.098388 3.155490
421.894793 3.156107
422.098388 3.156293
422.098388 3.152075
422.098388 3.161576
422.098388 3.163202
422.098388 3.153440
425.510187 3.153937
422.098388 3.157525
425.510187 3.156567
422.098388 3.154330
422.098388 3.151834
422.098388 3.156699
422.098388 3.156331
425.510187 3.219892
425.510187 3.160777
422.098388 4.300157
422.098388 4.242834
422.098388 3.162508
425.510187 3.153477
422.098388 3.154714
417.600923 3.154779
422.098388 3.158679
422.098388 3.159346
417.600923 3.161118
422.098388 3.193670
422.098388 3.154265
421.894793 3.159090
422.098388 3.152035
425.510187 3.165685
425.510187 3.153935
421.894793 3.152755
421.894793 3.157261
422.098388 3.151080
425.510187 3.175333
422.098388 3.162820
422.098388 3.157221
422.098388 4.245567
422.098388 4.241236
422.098388 4.236680
425.510187 4.234431
422.098388 3.151185
422.098388 3.158135
421.894793 3.155699
422.098388 3.150141
422.098388 3.162362
422.098388 3.165180
422.098388 3.190618
422.098388 4.249902
422.098388 4.240510
422.098388 3.154869
421.894793 3.163658
422.098388 3.151185
422.098388 3.153363
422.098388 3.160632
422.098388 3.156064
422.098388 3.156978
422.098388 3.176579
422.098388 3.153901
417.600923 3.165455
422.098388 3.154361
422.098388 3.152601
422.098388 3.155771
422.098388 3.155344
422.098388 3.150918
422.098388 3.175164
422.098388 3.160685
422.098388 3.163446
422.098388 3.368895
425.510187 3.161374
422.098388 3.153610
422.098388 3.157249
417.600923 3.157999
422.098388 3.155666
422.098388 3.155673
425.510187 3.154374
422.098388 3.161291
422.098388 3.156901
421.894793 3.174705
425.510187 3.152675
422.098388 3.160118
422.098388 3.153339
421.894793 3.153090
421.894793 3.153495
425.510187 4.248690
422.098388 4.238102
422.098388 3.154103
422.098388 3.158089
422.098388 3.160298
422.098388 3.163403
422.098388 3.163898
422.098388 3.153814
422.098388 3.156884
422.098388 3.152142
422.098388 3.154905
422.098388 3.163692
422.098388 3.152407
422.098388 3.158730
417.600923 3.158867
422.098388 3.155826
421.894793 3.157937
422.098388 3.155844
422.098388 3.152314
425.510187 3.186574
422.098388 3.157206
422.098388 3.155930
422.098388 4.244484
425.510187 4.250432
425.510187 4.239022
422.098388 4.253601
422.098388 3.155671
421.894793 3.155970
422.098388 3.161375
422.098388 4.249104
422.098388 4.240777
422.098388 3.175361
422.098388 3.154035
422.098388 3.155650
422.098388 3.157814
422.098388 3.153886
422.098388 3.163732
422.098388 3.159910
422.098388 3.156913
422.098388 4.244323
421.894793 4.236531
422.098388 3.153935
422.098388 3.157205
417.600923 3.162648
417.600923 3.159558
422.098388 3.154226
422.098388 3.162132
425.510187 4.244906
422.098388 4.240948
425.510187 4.238167
425.510187 4.236929
422.098388 3.166501
422.098388 3.154231
422.098388 4.250090
421.894793 4.236724
422.098388 3.153662
421.894793 3.154835
421.894793 3.156389
421.894793 3.157427
422.098388 4.246029
425.510187 4.233696
422.098388 3.154316
425.510187 3.160146
422.098388 3.155113
422.098388 3.153489
422.098388 3.155049
422.098388 3.153527
422.098388 3.161763
417.600923 3.157491
425.510187 3.155363
422.098388 3.155200
422.098388 3.163762
422.098388 3.154996
422.098388 3.157771
425.510187 3.152083
417.600923 3.157394
422.098388 3.166717
422.098388 3.154105
422.098388 3.189765
425.510187 3.176524
422.098388 3.155758
422.098388 3.193084
422.098388 3.159510
422.098388 3.154501
422.098388 3.155750
422.098388 3.158562
425.510187 3.170709
425.510187 3.161090
425.510187 3.157352
422.098388 3.208034
422.098388 3.153267
422.098388 3.156890
422.098388 3.151970
422.098388 3.156958
422.098388 3.155456
422.098388 4.250481
422.098388 4.241865
422.098388 3.169859
425.510187 3.157727
422.098388 3.163597
422.098388 3.162545
421.894793 3.179988
422.098388 3.154573
417.600923 3.151289
422.098388 3.156930
422.098388 3.160392
422.098388 3.163819
425.510187 4.243271
422.098388 4.247868
422.098388 3.204913
422.098388 3.162308
422.098388 3.159754
425.510187 3.157138
422.098388 3.159870
422.098388 3.159007
422.098388 3.155811
