80
0	0
5	0
-3	-11
11	13
-23	3
23	18
12	-33
20	-36
1	-47
52	11
53	-26
63	18
-53	-48
-72	-27
83	-9
89	9
-28	-91
97	-31
-44	-98
-113	-14
-63	101
-119	39
22	-130
-118	-71
-137	-41
32	-146
-155	12
-159	27
166	20
172	-21
-140	-112
24	184
-39	-187
181	78
148	139
196	-74
189	-103
-97	-199
-225	-34
-208	106
-233	55
75	234
48	247
125	-225
-263	-13
257	-82
-225	-158
273	-69
-167	-234
288	55
35	297
-20	-305
41	309
15	-317
288	147
-325	-52
-88	324
-130	315
-3	-347
327	133
347	94
288	225
360	92
-377	-23
336	-184
329	-208
116	378
-338	-217
-214	347
-409	60
41	-417
-404	-133
-387	190
-41	-436
300	327
-177	-413
-418	179
-458	59
-371	285
244	-405
