100
0	0
-1	0
0	-3
-5	2
4	6
8	5
-3	11
-7	-11
-14	-7
15	9
19	-1
21	5
-4	-23
-6	-25
-2	27
0	-29
-25	18
-14	30
20	29
13	-35
-37	14
6	-41
29	32
21	-40
14	45
42	-26
49	-16
-40	35
-25	-49
-52	23
56	-21
57	-22
-19	-61
-60	25
44	51
-56	-40
-12	70
31	66
75	5
-62	-46
79	6
1	-81
-64	53
-85	9
19	85
-73	52
91	-12
-61	70
-94	16
72	-66
88	-47
-51	-87
-86	57
36	-99
5	107
-69	85
-109	22
106	-40
-115	3
91	-74
84	84
47	112
-107	-61
-111	-57
-89	91
-127	25
117	-59
-108	78
-108	81
-52	-127
1	-139
75	120
52	133
113	-92
-116	91
84	124
146	39
110	106
-18	154
-15	157
4	-159
151	-58
-69	-148
140	-88
-167	2
-79	-150
170	20
-38	-169
-115	132
-15	177
-111	141
12	181
56	175
-69	-172
-172	-74
-84	169
160	-105
12	193
-193	31
186	66
