100
0	0
-2	2
6	-4
3	11
-15	1
19	-2
-13	20
1	27
-1	31
26	-24
1	-39
4	-43
-47	-9
-26	44
-22	51
-54	24
-63	3
22	64
-10	71
74	-13
-73	31
18	-81
56	67
-68	-61
49	82
78	61
42	94
9	107
-68	-88
98	-61
6	119
121	25
123	33
109	-74
135	-10
-20	138
-92	-110
129	70
-11	151
-92	-125
-41	-154
19	-162
86	144
171	-10
107	-139
22	178
86	162
154	107
84	172
66	184
83	-181
-131	155
-23	-206
-55	-204
-27	-214
-134	-174
-205	-88
-119	-194
-158	-169
228	-58
-106	215
-176	-168
-11	-247
188	167
-42	252
-257	32
169	202
-136	-230
-98	253
160	224
258	108
31	-282
-137	-253
289	-41
-295	-15
-48	296
293	-80
-279	129
223	217
236	-209
-227	224
-116	-302
327	-6
207	-258
198	270
-336	51
-6	343
-338	79
268	-227
-237	-264
165	319
353	-87
367	11
-186	-321
174	-332
372	74
305	-233
-82	-379
-370	129
380	-109
