90
0	0
4	-6
15	-1
-22	8
-29	-12
35	19
42	-22
-45	31
-57	28
69	19
-48	63
-12	87
26	-92
95	-41
-22	109
-1	119
97	-83
-58	-122
84	-116
-133	-72
-126	-98
135	99
-40	171
85	162
79	174
-70	186
-175	111
-208	55
122	187
80	-217
103	216
115	219
-202	156
228	-132
-176	206
-73	-270
-9	-287
288	67
195	-232
273	-149
153	-280
320	-70
315	-115
-241	244
-205	-285
355	-53
-261	259
-88	365
-317	215
387	-58
-296	-268
26	-407
193	-368
-240	-348
-175	-394
25	-439
-107	-434
251	-380
454	-92
-344	-322
-386	284
389	-294
-478	-131
-484	-139
-472	-197
-291	-430
527	8
500	190
-508	194
-417	-361
-75	-554
562	76
-275	505
-516	273
361	468
-74	-595
361	488
-81	610
69	-620
-210	596
639	-11
429	485
257	-603
-593	-297
-652	-161
10	679
596	343
695	0
378	-593
225	-675
