100
0	0
4	-3
1	-11
-17	0
23	1
-4	-29
-33	-12
-39	-14
-34	33
-51	15
45	39
6	-65
-57	-43
-77	-2
78	29
-39	-80
-21	93
-17	100
34	-102
-113	-6
107	52
23	-123
-78	-106
-61	123
-32	140
-40	-144
-134	79
-117	111
142	89
-159	-68
171	56
-136	125
51	185
-178	-85
-139	-148
205	-42
206	61
205	-84
-33	225
107	207
150	186
160	186
-92	-234
-257	7
-205	165
-269	5
244	-127
-253	123
-284	-44
-290	44
-114	-277
-175	250
311	10
272	164
-284	154
318	85
-323	-90
-293	-175
166	305
-261	238
291	-211
359	-66
-370	-32
236	-295
-100	370
305	-241
-353	-179
341	211
-355	-200
-337	-240
418	32
-420	71
-430	38
-418	128
-86	-435
-312	-323
-143	-432
-360	288
160	-439
467	-76
-353	-324
19	485
443	213
-348	355
441	242
24	509
262	444
-364	373
-465	-248
458	273
-539	-17
73	540
192	-517
66	-553
289	-484
331	-463
-491	300
310	492
-226	-542
-21	-593
