80
0	0
-7	-6
-12	-15
-29	5
39	-6
-15	47
-57	-18
9	-69
-68	42
86	24
6	99
98	48
33	-115
-63	-113
-121	69
-144	-40
46	-152
-158	-60
-82	-160
179	-61
-199	9
149	-147
-199	92
-168	156
111	212
-235	84
118	-231
-87	255
-168	-223
92	274
290	-73
19	309
-300	-110
-201	261
-328	87
-68	343
-298	201
19	-369
126	-358
-355	-159
-378	-127
109	-395
-322	268
353	245
105	427
-421	-156
-353	293
25	-469
317	-360
192	-450
-481	136
397	319
-484	188
-346	-401
40	538
-360	415
275	-487
221	-525
-501	290
78	584
44	-598
425	436
120	608
573	261
74	635
-583	285
535	386
-507	437
625	-267
-393	-566
-200	-670
55	707
237	679
402	-608
639	372
409	628
447	614
126	759
-389	-675
72	-786
