70
0	0
0	3
7	-2
-2	11
-15	2
5	-19
-23	-4
-26	-7
-19	-25
21	28
-16	36
-34	-26
19	43
-38	35
-55	6
33	49
52	35
-1	-67
69	19
-8	-75
-63	48
45	-70
24	84
-62	67
-89	35
-99	10
-75	-72
90	-59
-72	-84
-43	-107
90	79
54	-111
-36	-122
56	-119
83	-107
127	-58
-93	109
96	111
23	150
5	-155
156	33
-45	157
129	106
168	-36
-157	79
-96	151
128	-132
-24	186
98	-164
-99	-168
3	-199
202	-22
-7	207
-56	-204
173	129
-206	75
208	-81
-224	37
185	138
-110	208
205	-124
238	-50
200	-145
-169	186
-248	-59
-259	-9
251	79
-157	-216
-212	169
272	41
