100
0	0
3	-9
-2	-19
6	29
-31	-24
-13	-48
5	59
-68	-14
72	33
-70	56
58	-80
109	2
74	94
-109	-70
-120	71
-129	-74
-119	105
155	69
151	96
85	169
131	-150
166	128
-159	-151
142	180
214	-107
205	-142
8	259
232	137
-169	-223
289	-16
218	-205
94	295
-300	-108
-215	249
175	291
295	-187
150	-327
219	297
134	355
-254	-295
-103	386
108	-395
-324	266
170	394
293	327
-423	-151
-456	-53
-54	466
-331	346
-309	379
171	469
507	-45
118	506
-486	-209
392	-371
422	-351
111	548
400	-405
-92	-572
-442	-389
-449	-397
-371	484
-568	-247
552	-302
-626	130
-644	85
-577	-320
652	150
-489	471
-682	-99
-619	325
-621	343
660	287
-672	-283
-452	585
711	-236
514	-559
-550	-538
763	-158
788	-50
-89	-795
688	-426
-126	-810
-278	-781
124	830
-519	672
-438	739
296	817
872	-116
325	-828
-837	-328
-506	755
788	-474
657	-657
936	84
645	697
761	584
-544	802
850	-487
111	983
