90
0	0
-9	2
-14	13
10	28
-36	15
42	-25
3	59
-69	2
60	-52
-89	9
98	-16
-91	-60
-119	0
-117	-55
-131	47
147	-29
136	-83
168	-24
-174	42
-24	188
-109	167
107	180
29	-218
229	15
78	226
120	218
259	-20
-268	-31
-198	-197
8	289
216	-207
-307	-39
-311	73
329	13
-331	75
-206	-282
-173	-315
-355	104
298	-234
-137	365
-151	-370
-302	-276
-247	-339
397	-165
406	-167
251	-372
-256	-381
-380	-276
-431	-209
329	-362
-363	-343
-263	-436
102	-509
333	412
-480	246
-73	-545
518	210
299	485
579	-10
-542	231
329	501
-430	-432
-167	-596
-433	457
-471	432
571	-309
83	-654
215	-634
479	482
-592	353
443	-541
-653	-276
145	-705
-41	728
-4	739
-736	140
460	-604
-426	-641
331	-705
357	704
-120	790
296	753
-694	-435
284	-779
730	414
72	-846
-184	840
683	-538
-396	-785
872	175
