80
0	0
1	0
0	3
-1	-5
5	6
9	-3
-2	-11
12	5
-8	13
-3	17
0	19
14	16
-9	22
13	-22
-2	-27
-29	2
-18	-26
-25	22
16	-31
-14	-35
39	5
41	0
-40	16
27	-36
-42	23
0	49
24	45
-23	-48
-28	48
15	-55
40	-44
-60	-14
-50	-39
37	-54
67	-2
-69	3
-69	-17
-71	18
-29	70
-55	-54
-79	5
-33	74
-83	-4
-81	-28
71	-51
89	-4
21	-89
-31	88
67	67
-64	73
-4	-99
81	-60
77	69
96	-43
-107	0
-24	107
101	-47
-100	54
-24	-113
117	10
117	-26
-61	105
-39	117
-53	113
115	-55
124	36
-121	-51
27	131
-4	135
-96	-98
-117	-76
-141	5
-49	-135
85	-118
42	-141
-85	123
-126	-83
-77	133
-125	92
-154	32
