80
0	0
2	3
-6	-4
-2	11
15	-5
12	15
3	23
-12	25
6	31
35	6
37	14
-43	-9
-47	0
20	-47
53	-15
45	39
-61	-18
-27	-62
40	59
70	28
59	53
19	81
22	84
-59	70
-54	79
54	-84
86	58
93	53
111	10
-53	-102
115	-31
97	76
-110	-65
-46	123
82	107
-28	136
44	136
105	103
-93	120
78	134
129	-93
84	140
-159	52
99	140
-25	-174
102	148
183	17
186	26
-163	-100
171	-94
99	-173
-195	56
154	-139
54	-204
-197	-88
218	-28
-165	151
-194	119
87	-215
142	187
123	-206
-242	-29
247	4
120	221
-227	-118
208	-154
76	252
-264	-43
37	-269
-98	257
-261	99
-251	131
49	283
-184	-226
-134	263
-93	-285
-291	-85
259	165
-307	54
233	-212
