70
0	0
-9	-1
-18	-6
4	-29
25	31
14	-47
3	59
-57	-40
-18	-77
78	-43
70	-70
77	-78
-80	89
-89	94
136	29
-27	147
-95	-128
-152	74
-167	66
-187	-31
177	92
-88	190
206	74
208	-96
63	231
-249	2
133	222
-247	107
24	278
210	199
-44	-296
-297	87
-250	199
322	67
337	-44
-76	341
-314	-175
363	-71
-253	-283
374	107
-258	-305
-21	409
-205	-366
11	-429
-317	304
-429	132
97	-449
77	-463
-328	-350
483	-79
472	162
-491	135
501	138
331	-413
349	412
549	1
440	346
539	183
230	532
493	323
530	-280
-322	-517
-178	593
577	252
-601	219
641	103
532	390
106	-661
-22	-679
-686	67
