70
0	0
-5	1
-2	-11
15	-9
13	19
29	0
-8	35
23	34
47	-8
16	51
44	39
-40	52
70	-14
-73	26
-57	-61
61	-66
60	74
-101	-12
-55	-92
33	109
-48	-109
119	-38
-30	128
-116	-74
26	-141
-149	-3
89	127
151	-58
-162	-43
27	-171
-167	65
46	-179
188	-33
163	-111
-194	60
148	-148
-116	-181
-221	16
44	-223
-170	160
-222	91
-148	-196
-250	24
143	214
144	-220
179	-201
43	-272
-29	-280
189	216
109	272
-116	-276
-277	-129
239	-199
-52	-313
273	-173
-287	161
332	-47
131	-315
268	221
-41	351
-189	306
-114	347
135	-346
351	139
369	-106
388	28
-157	-363
-265	302
0	407
88	404
