90
0	0
1	0
3	-1
-2	5
-7	0
-1	-9
11	-3
-2	13
10	-12
-5	17
-17	-10
16	14
-22	7
-21	-14
23	-15
12	27
-26	17
-2	-33
-16	-31
34	15
-20	-34
-6	-41
43	9
-44	12
-7	-47
-13	48
-47	20
11	-52
-55	2
-23	-53
57	16
49	-37
-63	4
-4	-65
66	-13
0	-69
18	69
-32	-66
14	-74
32	-70
-10	-79
61	54
-32	-77
76	-38
-85	21
-48	75
58	-71
-69	-63
45	-84
-19	96
-92	38
4	101
4	-103
19	104
-102	33
11	109
-11	111
-75	-85
11	-115
-117	-6
108	50
-113	-45
68	103
-44	117
121	39
91	-92
48	-122
133	7
-42	129
-74	116
-123	-65
27	-139
38	138
145	11
-142	40
-130	73
121	91
141	61
35	-151
-66	-143
131	91
159	-27
-75	-145
-131	-100
157	-58
118	-121
-146	-89
168	-43
-9	175
141	107
