90
0	0
3	4
-8	-8
-3	-17
-1	23
-15	-25
35	-4
-38	-17
45	15
-28	-45
43	-41
-64	-12
14	70
-45	63
27	79
58	-67
51	81
78	-64
88	-61
92	66
-110	45
88	-89
-112	-68
97	97
-68	-126
147	28
-32	152
139	-83
34	164
96	144
-143	108
-117	-144
181	62
17	-197
155	132
194	78
96	193
121	-185
-165	156
231	-32
-4	239
245	14
-13	251
46	253
205	165
74	259
140	-237
280	31
163	-236
-293	21
200	-222
299	64
237	202
91	304
272	-175
-322	-68
334	-32
319	-121
112	329
337	-105
208	-293
-206	302
-205	310
-219	-307
243	-297
107	374
-385	92
89	-391
120	-389
-346	-227
-418	-35
133	-404
-257	347
-433	-60
60	-439
114	435
-451	64
-287	361
463	-67
424	211
-396	-270
-404	-269
307	-384
-480	130
-481	-147
-507	-53
-28	-515
-103	511
134	510
-199	-495
