80
0	0
0	-7
-6	14
-22	-9
21	-23
34	20
-19	-43
-55	0
52	-37
-49	52
59	-53
4	-87
-5	95
103	9
99	-50
-12	119
107	-69
135	-1
1	-143
-30	-148
158	-22
-26	165
-110	-136
-183	6
161	-103
-151	130
-169	-120
96	193
-140	-174
82	216
-92	-221
24	246
-114	-228
1	-263
-260	-77
-79	268
-247	-146
293	-41
-292	-83
26	310
262	183
144	294
-11	-335
269	214
329	-124
-315	173
262	258
-302	-223
189	333
-275	-278
362	168
322	-249
-242	-338
-411	102
276	331
-163	408
-366	-257
-454	35
39	462
471	-30
-433	205
-225	-432
489	-80
310	-396
232	455
-65	515
430	-305
-534	-32
543	-6
183	520
-559	12
319	-469
410	404
583	-32
-175	-565
242	-548
322	515
-546	-283
309	541
555	300
