70
0	0
-7	0
11	-10
-12	20
19	25
24	31
2	-47
40	38
54	33
-67	-24
79	-5
68	55
-81	50
84	-61
-50	99
-109	-49
84	96
132	-30
138	39
-92	120
117	108
119	118
-95	-147
-183	3
-190	22
17	199
130	161
-99	-191
-161	-154
208	-101
-219	-97
148	-198
139	214
84	250
253	-97
265	88
238	162
-281	90
269	-141
283	-129
10	-319
-172	-278
83	-325
297	-172
-132	325
237	-270
37	366
123	355
-337	-182
386	68
-125	379
-386	130
340	-239
-107	-410
-146	-406
293	327
-150	-421
-389	-236
-433	-164
430	192
-44	477
342	-347
-241	-432
233	446
223	-460
-332	399
521	-84
-266	-465
-504	-204
-331	-441
