100
0	0
-4	-6
0	15
9	-21
27	-16
36	16
-43	-19
55	-8
-44	46
-55	-46
5	79
66	-57
-70	-64
-63	-82
111	-7
-2	-119
-17	126
-71	115
-76	-121
-127	83
-90	131
167	-1
-48	169
19	-182
-25	190
-166	-110
-188	88
213	-31
-220	38
-60	-224
-220	94
-142	202
198	162
-247	90
234	-138
35	-277
-22	287
34	294
-303	9
-233	206
-267	-175
-326	33
333	43
333	-84
255	-242
23	-359
-354	98
305	-218
221	-313
262	-290
372	144
383	-140
-311	-276
337	256
-419	104
-286	-333
-422	149
-287	-354
-304	349
-230	-411
388	281
-464	-150
50	-493
487	-128
-19	-511
-472	217
-523	68
22	-535
-464	282
-88	-544
434	-353
19	-567
556	-149
-306	-497
-578	125
-512	-312
283	537
-287	-544
46	622
82	-626
-157	620
619	189
-640	143
-372	-549
544	-393
-304	-608
663	180
572	396
640	291
395	591
-716	-68
632	-359
-708	200
729	146
-525	-537
722	-234
177	747
480	-609
-755	210
-562	557
