90
0	0
-1	-3
7	3
-4	11
-15	3
-11	16
-6	-23
-8	-26
22	-22
-21	29
-21	33
27	-34
35	-32
40	-32
55	2
54	24
1	63
2	67
-43	-57
48	-58
64	46
68	-48
8	87
-16	-90
54	78
-91	-40
-97	-36
-1	-107
104	41
90	-71
-83	86
36	118
-63	111
44	124
-11	135
-134	-37
-41	137
-28	-145
151	-3
137	-73
67	-144
139	86
-164	-32
-163	52
-21	-174
-41	175
-19	182
-27	-185
-37	188
-99	-168
-104	170
138	149
-84	190
-93	190
-172	-130
40	216
-143	-172
192	-121
-45	-227
-224	73
-226	-79
132	-204
-202	143
-164	-190
58	-249
-224	131
238	-112
133	-232
204	-179
-122	-247
-279	-8
-272	79
-286	-27
63	-284
-165	-245
299	-7
133	-273
-143	-272
-307	53
191	-251
272	167
-301	-119
-31	-326
187	274
-225	-248
289	178
243	243
344	48
-3	-351
-296	-197
