70
0	0
3	2
-7	1
-11	1
-15	-1
-19	6
-23	5
-20	-19
-1	-31
1	-35
36	15
-40	-17
-41	24
40	-32
30	46
56	19
-51	-38
-46	-49
-8	-71
-74	16
76	-23
15	-82
-15	86
-24	-88
30	-91
-74	66
20	-101
-88	61
104	39
113	-22
44	-111
-23	-121
42	-120
130	20
130	-37
127	57
23	142
71	129
-140	57
-33	-152
-71	-143
-3	163
165	30
91	-145
139	-107
165	-70
-115	-142
3	187
-77	175
141	135
-194	45
202	22
-120	-169
-211	10
-213	34
63	210
-157	-159
227	9
-144	181
-215	95
-36	-237
212	-119
203	-141
-46	247
-89	-239
-200	-164
216	150
-132	-232
-267	-49
-60	269
