90
0	0
-2	5
9	-6
16	7
18	15
9	28
-34	10
41	0
-36	-31
48	24
-38	46
0	65
55	46
-4	-77
-12	-83
15	-88
-73	-61
-101	-9
-99	42
-83	77
92	-76
29	-122
10	131
-95	-99
61	130
-136	-63
-51	-147
-137	86
-10	167
7	173
34	176
-169	77
-74	176
137	-142
0	203
94	187
96	-193
-213	61
205	-98
91	215
-44	235
238	60
98	232
163	199
-259	-51
-139	-231
-133	-241
219	-177
259	-125
180	-231
297	42
-278	-126
-243	194
317	19
305	-108
-144	296
-160	295
-266	213
-346	36
-188	299
-270	237
-349	107
-368	-48
-358	118
342	173
-386	-50
-279	280
-239	-322
-62	-403
390	138
-362	-211
14	-425
239	-359
-434	-56
-268	-353
318	317
417	-183
422	185
48	-465
-361	-306
-227	-422
-471	-117
445	-209
194	-458
-152	480
-358	-362
390	-337
-376	361
60	-524
390	364
