90
0	0
0	3
-7	2
-2	-11
15	3
7	18
3	23
-21	-18
13	29
-28	-22
-29	-26
43	2
6	-47
-16	49
-28	47
-17	57
-54	-32
43	52
65	-30
-53	53
-79	-7
-73	40
-67	56
-89	-22
-52	80
95	-28
54	88
99	42
-85	-72
-113	22
22	117
-11	-123
-127	-6
-118	57
42	129
-37	134
-96	107
63	133
-84	-126
-48	148
-155	-36
162	22
156	61
160	61
158	77
109	142
144	114
-157	102
187	41
46	-190
-195	-41
-62	194
200	-54
-99	-187
-182	-115
209	67
-160	156
-227	-3
151	-175
-16	-235
-42	-236
122	-211
40	244
249	-31
255	17
120	230
261	38
186	192
217	163
-249	117
123	251
-217	182
85	274
291	-23
96	279
296	45
225	-203
290	102
129	283
-154	-275
-268	-174
-316	70
-65	-321
-102	315
256	-217
317	120
279	200
346	32
-129	327
-82	-346
