80
0	0
1	0
2	2
-5	-1
7	2
-8	-4
0	11
13	2
9	-13
11	-13
13	-14
-21	0
14	19
12	22
-26	-9
-27	12
-15	27
-19	27
-20	-29
-11	36
0	39
-41	7
18	39
-23	-39
47	-2
-41	27
44	-27
-53	9
55	2
29	-49
56	-20
-45	-41
-63	-3
24	-61
54	-40
-21	66
45	55
57	-46
67	34
-6	-77
-79	0
-28	-76
83	-10
-70	49
-66	-57
-19	87
-80	-45
-31	-88
-70	64
97	-9
-3	-99
-74	70
27	100
-49	-93
29	-103
104	-34
54	-97
-109	31
55	101
-99	-62
116	30
80	-92
119	-32
-38	119
-113	58
-102	-79
-77	107
-52	123
3	135
63	122
43	-132
-141	2
-106	-97
-143	-27
-87	-119
148	-17
-139	-59
152	-18
-140	68
-52	-149
