80
0	0
-3	4
-10	-6
13	-11
3	23
18	23
34	9
-2	-41
20	43
-53	0
-14	-58
-33	-57
50	-51
52	-57
80	-22
34	83
95	-11
-91	-45
-103	30
110	28
117	24
-16	124
125	40
21	-136
44	-136
-76	-129
-155	9
-9	-161
148	78
-126	119
-53	171
183	33
-191	5
-132	-147
-102	-176
-207	35
-213	-35
-214	56
221	-52
-225	63
-57	-233
-217	114
175	-180
-132	221
255	67
-236	-129
-41	272
37	-279
235	-165
-291	39
-277	-113
-120	-281
-311	1
-205	242
80	313
313	101
56	-331
-325	104
-336	-86
-281	-214
-314	-174
-311	-192
-274	250
172	-336
377	-68
117	-371
377	119
6	401
407	19
30	-412
-402	119
-418	81
396	-171
388	202
-417	-150
-67	-444
-379	253
-406	-220
7	467
442	171
