100
0	0
1	-1
3	1
0	5
6	4
-7	-6
-11	1
-12	-6
-6	-14
17	4
-6	19
0	21
6	22
-19	-17
-6	27
-19	22
-31	-2
9	-32
-23	26
13	-35
-35	-19
19	-37
-27	34
38	24
27	-39
-47	-14
-21	-47
-53	5
53	14
53	21
-56	-19
61	5
-23	-59
-39	52
66	11
-66	-20
-17	-69
-2	73
55	-52
48	61
76	23
73	-35
51	66
85	0
-24	84
37	81
68	60
-88	-31
-13	-94
11	97
76	64
95	35
35	-97
21	103
85	-65
-90	61
-111	-9
-53	100
-74	-88
-40	110
78	90
113	-45
111	53
-111	-59
123	33
76	-105
93	-92
-133	-2
83	-107
-137	-4
-111	84
-82	-115
59	131
-37	141
-120	86
21	148
26	149
-16	153
-152	-31
-49	-149
2	159
-127	99
-163	-5
54	-156
-108	128
98	138
166	-44
-123	-122
23	174
-101	146
-75	-163
135	121
179	41
-185	-2
-176	64
90	-167
153	114
175	82
171	95
-53	-190
