417.715618 0.005510
417.715618 0.008919
417.715618 0.010160
417.715618 0.008908
417.715618 0.009530
417.715618 0.010909
417.715618 0.007701
417.715618 0.009416
417.715618 0.004621
417.715618 0.008836
417.715618 0.005967
417.715618 0.010402
417.715618 0.005168
417.715618 0.007470
417.715618 0.008600
417.715618 0.005284
417.715618 0.004108
417.715618 0.009725
417.715618 0.005233
417.715618 0.005566
417.715618 0.003767
417.715618 0.005216
417.715618 0.005242
417.715618 0.003938
417.715618 0.006288
417.715618 0.005240
417.715618 0.004324
417.715618 0.004647
417.715618 0.004074
417.715618 0.009287
417.715618 0.005064
417.715618 0.005227
