353.703831 0.003591
353.703831 0.003559
353.703831 0.003171
353.703831 0.003376
353.703831 0.003155
353.703831 0.003181
353.703831 0.003199
353.703831 0.003309
353.703831 0.003454
353.703831 0.003313
353.703831 0.003083
353.703831 0.003885
353.703831 0.003224
353.703831 0.003784
353.703831 0.003200
353.703831 0.003193
353.703831 0.003150
353.703831 0.003144
353.703831 0.003211
353.703831 0.003252
353.703831 0.003223
353.703831 0.004482
353.703831 0.003167
353.703831 0.003592
353.703831 0.003182
353.703831 0.003578
353.703831 0.003190
353.703831 0.003132
353.703831 0.003308
353.703831 0.003181
353.703831 0.003267
353.703831 0.003758
