8680.966513 1.281540
8680.966513 1.283224
8680.966513 1.287373
8680.966513 1.288234
8680.966513 1.288499
8680.966513 1.286296
8680.966513 1.292779
8680.966513 1.286327
8680.966513 1.289184
8680.966513 1.286385
8680.966513 1.294490
8680.966513 1.295055
8680.966513 1.291205
8680.966513 1.289245
8680.966513 1.294578
8680.966513 1.298729
8680.966513 1.297602
8680.966513 1.285890
8680.966513 1.296669
8680.966513 1.284891
8680.966513 1.326804
8680.966513 1.285180
8680.966513 1.291734
8680.966513 1.333509
8680.966513 1.333634
8680.966513 1.339990
8680.966513 1.339172
8680.966513 1.335370
8680.966513 1.324899
8680.966513 1.344670
8680.966513 1.274919
8680.966513 1.279158
