239.380155 0.040730
239.380155 0.041584
239.380155 0.042529
239.380155 0.043508
239.380155 0.043931
239.380155 0.043210
239.380155 0.043529
239.380155 0.043049
239.380155 0.043860
239.380155 0.043917
239.380155 0.043900
239.380155 0.042864
239.380155 0.043852
239.380155 0.043986
239.380155 0.043813
239.380155 0.043611
239.380155 0.043694
239.380155 0.043799
239.380155 0.043924
239.380155 0.044305
239.380155 0.044055
239.380155 0.043577
239.380155 0.043958
239.380155 0.043751
239.380155 0.043951
239.380155 0.043867
239.380155 0.043719
239.380155 0.043901
239.380155 0.043827
239.380155 0.043906
239.380155 0.043882
239.380155 0.043841
239.380155 0.043643
239.380155 0.043718
239.380155 0.041972
239.380155 0.043686
239.380155 0.043797
239.380155 0.043839
239.380155 0.043600
239.380155 0.043984
239.380155 0.043827
239.380155 0.043723
239.380155 0.043786
239.380155 0.043987
239.380155 0.043685
239.380155 0.043879
239.380155 0.044426
239.380155 0.044262
