14976.294214 0.327040
14976.294214 0.320639
14976.294214 0.324572
14976.294214 0.324287
14976.294214 0.326733
14976.294214 0.330416
14976.294214 0.331556
14976.294214 0.332924
14976.294214 0.331675
14976.294214 0.332090
14976.294214 0.330190
14976.294214 0.333409
14976.294214 0.338051
14976.294214 0.339855
14976.294214 0.343538
14976.294214 0.340426
14976.294214 0.337728
14976.294214 0.336377
14976.294214 0.338455
14976.294214 0.336852
14976.294214 0.343019
14976.294214 0.346580
14976.294214 0.573568
14976.294214 0.582195
14976.294214 0.595587
14976.294214 0.598146
14976.294214 0.664082
14976.294214 0.706239
14976.294214 0.667147
14976.294214 0.672884
14976.294214 0.702569
14976.294214 0.707488
14976.294214 0.709212
14976.294214 0.672834
14976.294214 0.711276
14976.294214 0.710035
14976.294214 0.704056
14976.294214 0.708411
14976.294214 0.712155
14976.294214 0.710656
14976.294214 0.723510
14976.294214 0.714254
14976.294214 0.711632
14976.294214 0.710383
14976.294214 0.715719
14976.294214 0.719499
14976.294214 0.711638
14976.294214 0.727971
