177.614842 0.040217
177.614842 0.040586
177.614842 0.043264
177.614842 0.043344
177.614842 0.043542
177.614842 0.042060
177.614842 0.043502
177.614842 0.042501
177.614842 0.043761
177.614842 0.041276
177.614842 0.043429
177.614842 0.043415
177.614842 0.043722
177.614842 0.043758
177.614842 0.043983
177.614842 0.043504
177.614842 0.043521
177.614842 0.043676
177.614842 0.043873
177.614842 0.043690
177.614842 0.043953
177.614842 0.043810
177.614842 0.043612
177.614842 0.043729
177.614842 0.043580
177.614842 0.043774
177.614842 0.043620
177.614842 0.043522
177.614842 0.044080
177.614842 0.043742
177.614842 0.044340
177.614842 0.044056
177.614842 0.043954
177.614842 0.043643
177.614842 0.043513
177.614842 0.043501
177.614842 0.043727
177.614842 0.043542
177.614842 0.043385
177.614842 0.043511
177.614842 0.043310
177.614842 0.043636
177.614842 0.043156
177.614842 0.043516
177.614842 0.043691
177.614842 0.043275
177.614842 0.043616
177.614842 0.043494
