71668.122125 0.350273
71668.122125 0.352883
71668.122125 0.357873
71668.122125 0.351045
71668.122125 0.354110
71668.122125 0.358099
71668.122125 0.358434
71668.122125 0.358394
71668.122125 0.357528
71668.122125 0.358274
71668.122125 0.359119
71668.122125 0.358172
71668.122125 0.358696
71668.122125 0.358573
71668.122125 0.359132
71668.122125 0.358921
71668.122125 0.357996
71668.122125 0.358614
71668.122125 0.372373
71668.122125 0.371779
71668.122125 0.610842
71668.122125 0.613818
71668.122125 0.610726
71668.122125 0.611842
71668.122125 0.734096
71668.122125 0.734267
71668.122125 0.733986
71668.122125 0.736125
71668.122125 0.734597
71668.122125 0.734175
71668.122125 0.734278
71668.122125 0.736388
71668.122125 0.765232
71668.122125 0.777723
71668.122125 0.785624
71668.122125 0.783398
71668.122125 0.764851
71668.122125 0.776782
71668.122125 0.779697
71668.122125 0.785068
71668.122125 0.784935
71668.122125 0.779409
71668.122125 0.783968
71668.122125 0.785262
71668.122125 0.784835
71668.122125 0.786298
71668.122125 0.784926
71668.122125 0.785225
