86.713917 0.009939
86.713917 0.009061
86.713917 0.009661
86.713917 0.008939
86.713917 0.008525
86.713917 0.007623
86.713917 0.008829
86.713917 0.005714
86.713917 0.006854
86.713917 0.008208
86.713917 0.006874
86.713917 0.004790
86.713917 0.010034
86.713917 0.004673
86.713917 0.009131
86.713917 0.005924
86.713917 0.009352
86.713917 0.008476
86.713917 0.004622
86.713917 0.004665
86.713917 0.005249
86.713917 0.004529
86.713917 0.004999
86.713917 0.004233
86.713917 0.005221
86.713917 0.006456
86.713917 0.004434
86.713917 0.005496
86.713917 0.005651
86.713917 0.006065
86.713917 0.009999
86.713917 0.009424
