44948.569705 0.349229
44948.569705 0.356168
44948.569705 0.355823
44948.569705 0.357052
44948.569705 0.342551
44948.569705 0.366808
44948.569705 0.488586
44948.569705 0.531156
44948.569705 0.543091
44948.569705 0.525490
44948.569705 0.544631
44948.569705 0.549496
44948.569705 0.550012
44948.569705 0.604754
44948.569705 0.605072
44948.569705 0.617033
44948.569705 0.641768
44948.569705 0.684134
44948.569705 0.677585
44948.569705 0.660326
44948.569705 0.709578
44948.569705 0.693967
44948.569705 0.707411
44948.569705 0.694896
44948.569705 0.717727
44948.569705 0.714202
44948.569705 0.730969
44948.569705 0.728259
44948.569705 0.731144
44948.569705 0.711092
44948.569705 0.727321
44948.569705 0.719286
44948.569705 0.735635
44948.569705 0.735010
44948.569705 0.722948
44948.569705 0.706067
44948.569705 0.723771
44948.569705 0.720490
44948.569705 0.734240
44948.569705 0.720003
44948.569705 0.737871
44948.569705 0.737949
44948.569705 0.712847
44948.569705 0.718933
44948.569705 0.718963
44948.569705 0.724337
44948.569705 0.726474
44948.569705 0.678030
44948.569705 0.760979
44948.569705 0.687470
