16636.312679 1.710194
16636.312679 1.717088
16636.312679 1.706219
16636.312679 1.731038
16636.312679 1.709958
16636.312679 1.716985
16636.312679 1.711013
16636.312679 1.716183
16636.312679 1.717460
16636.312679 1.715606
16636.312679 1.728107
16636.312679 1.720098
16636.312679 1.720704
16636.312679 1.723275
16636.312679 1.725367
16636.312679 1.727765
16636.312679 1.727541
16636.312679 1.730871
16636.312679 1.731495
16636.312679 1.730156
16636.312679 1.717544
16636.312679 1.727956
16636.312679 1.733441
16636.312679 1.736632
16636.312679 1.729321
16636.312679 1.711241
16636.312679 1.737813
16636.312679 1.714933
16636.312679 1.703309
16636.312679 1.699202
16636.312679 1.700896
16636.312679 1.689155
