797.516811 0.065501
797.516811 0.066963
797.516811 0.069159
797.516811 0.066310
797.516811 0.065968
797.516811 0.066657
797.516811 0.062346
797.516811 0.063161
797.516811 0.063753
797.516811 0.067657
797.516811 0.065249
797.516811 0.064114
797.516811 0.064447
797.516811 0.066446
797.516811 0.060524
797.516811 0.061443
797.516811 0.060762
797.516811 0.060533
797.516811 0.069064
797.516811 0.061901
797.516811 0.067628
797.516811 0.061100
797.516811 0.070333
797.516811 0.061325
797.516811 0.062927
797.516811 0.065133
797.516811 0.063440
797.516811 0.061005
797.516811 0.062226
797.516811 0.060659
797.516811 0.062462
797.516811 0.063356
