1366.625204 0.056780
1366.625204 0.053451
1366.625204 0.057212
1366.625204 0.057161
1366.625204 0.054598
1366.625204 0.057836
1366.625204 0.055568
1366.625204 0.049645
1366.625204 0.053731
1366.625204 0.055908
1366.625204 0.051957
1366.625204 0.062178
1366.625204 0.051529
1366.625204 0.054719
1366.625204 0.058277
1366.625204 0.058785
1366.625204 0.049080
1366.625204 0.051838
1366.625204 0.049107
1366.625204 0.058453
1366.625204 0.059235
1366.625204 0.049831
1366.625204 0.050398
1366.625204 0.052335
1366.625204 0.050885
1366.625204 0.053020
1366.625204 0.054246
1366.625204 0.051543
1366.625204 0.055727
1366.625204 0.055921
1366.625204 0.060970
1366.625204 0.057369
