604.198678 0.038611
604.198678 0.039603
604.198678 0.040241
604.198678 0.038114
604.198678 0.038681
604.198678 0.035293
604.198678 0.038287
604.198678 0.037215
604.198678 0.041584
604.198678 0.039872
604.198678 0.035833
604.198678 0.032654
604.198678 0.032902
604.198678 0.032606
604.198678 0.032990
604.198678 0.032982
604.198678 0.041890
604.198678 0.032946
604.198678 0.033292
604.198678 0.040848
604.198678 0.035348
604.198678 0.036803
604.198678 0.032725
604.198678 0.042687
604.198678 0.033257
604.198678 0.042749
604.198678 0.035268
604.198678 0.035169
604.198678 0.035768
604.198678 0.041059
604.198678 0.040387
604.198678 0.037876
