1160.456716 0.026468
1160.456716 0.026257
1160.456716 0.028861
1160.456716 0.031230
1160.456716 0.028923
1160.456716 0.029506
1160.456716 0.028392
1160.456716 0.029067
1160.456716 0.028744
1160.456716 0.028960
1160.456716 0.029145
1160.456716 0.030270
1160.456716 0.029059
1160.456716 0.029128
1160.456716 0.028631
1160.456716 0.029319
1160.456716 0.029094
1160.456716 0.026936
1160.456716 0.029150
1160.456716 0.027806
1160.456716 0.030365
1160.456716 0.032313
1160.456716 0.031830
1160.456716 0.029054
1160.456716 0.029268
1160.456716 0.029144
1160.456716 0.029148
1160.456716 0.029239
1160.456716 0.030420
1160.456716 0.030305
1160.456716 0.028619
1160.456716 0.028520
