240.648691 0.070010
240.648691 0.071112
240.648691 0.071588
240.648691 0.073226
240.648691 0.070976
240.648691 0.072712
240.648691 0.075182
240.648691 0.074946
240.648691 0.077259
240.648691 0.083965
240.648691 0.074063
240.648691 0.080633
240.648691 0.077942
240.648691 0.081881
240.648691 0.087070
240.648691 0.073199
240.648691 0.074808
240.648691 0.079923
240.648691 0.073691
240.648691 0.078687
240.648691 0.079753
240.648691 0.081937
240.648691 0.081081
240.648691 0.082241
240.648691 0.081886
240.648691 0.086973
240.648691 0.080791
240.648691 0.082436
240.648691 0.076397
240.648691 0.076161
240.648691 0.085866
240.648691 0.086073
240.648691 0.077897
240.648691 0.075320
240.648691 0.077587
240.648691 0.086070
240.648691 0.075484
240.648691 0.074982
240.648691 0.085694
240.648691 0.075694
240.648691 0.077996
240.648691 0.077267
240.648691 0.081113
240.648691 0.076965
240.648691 0.076481
240.648691 0.076238
240.648691 0.075251
240.648691 0.075387
