2185.543349 0.051570
2185.543349 0.051146
2185.543349 0.051306
2185.543349 0.052202
2185.543349 0.052372
2185.543349 0.052600
2185.543349 0.053904
2185.543349 0.051623
2185.543349 0.053347
2185.543349 0.053360
2185.543349 0.054057
2185.543349 0.053731
2185.543349 0.053651
2185.543349 0.052199
2185.543349 0.052745
2185.543349 0.053510
2185.543349 0.053252
2185.543349 0.053124
2185.543349 0.052094
2185.543349 0.052448
2185.543349 0.052459
2185.543349 0.058092
2185.543349 0.055598
2185.543349 0.053693
2185.543349 0.053230
2185.543349 0.051693
2185.543349 0.053745
2185.543349 0.053934
2185.543349 0.053514
2185.543349 0.052814
2185.543349 0.054010
2185.543349 0.054955
