552.036018 0.076293
552.036018 0.082934
552.036018 0.085584
552.036018 0.086229
552.036018 0.084619
552.036018 0.084774
552.036018 0.086643
552.036018 0.078888
552.036018 0.084846
552.036018 0.080740
552.036018 0.079900
552.036018 0.079789
552.036018 0.079576
552.036018 0.078070
552.036018 0.078339
552.036018 0.086174
552.036018 0.083803
552.036018 0.078036
552.036018 0.081810
552.036018 0.078412
552.036018 0.082011
552.036018 0.087754
552.036018 0.088416
552.036018 0.088410
552.036018 0.083494
552.036018 0.078527
552.036018 0.083974
552.036018 0.089151
552.036018 0.083667
552.036018 0.083875
552.036018 0.088495
552.036018 0.084575
