2196.442152 0.052725
2196.442152 0.052501
2196.442152 0.053378
2196.442152 0.051971
2196.442152 0.053739
2196.442152 0.053354
2196.442152 0.053633
2196.442152 0.053930
2196.442152 0.053398
2196.442152 0.053533
2196.442152 0.053575
2196.442152 0.053593
2196.442152 0.055067
2196.442152 0.054573
2196.442152 0.054125
2196.442152 0.057807
2196.442152 0.054072
2196.442152 0.054330
2196.442152 0.053666
2196.442152 0.057616
2196.442152 0.052825
2196.442152 0.057898
2196.442152 0.054837
2196.442152 0.054023
2196.442152 0.053748
2196.442152 0.052796
2196.442152 0.055282
2196.442152 0.057847
2196.442152 0.055066
2196.442152 0.053816
2196.442152 0.053906
2196.442152 0.056486
