1162.174040 0.106619
1162.174040 0.107253
1162.174040 0.108610
1162.174040 0.108760
1162.174040 0.101907
1162.174040 0.123075
1162.174040 0.117646
1162.174040 0.159621
1162.174040 0.177438
1162.174040 0.162267
1162.174040 0.160137
1162.174040 0.173652
1162.174040 0.167616
1162.174040 0.209108
1162.174040 0.199489
1162.174040 0.198898
1162.174040 0.209951
1162.174040 0.206896
1162.174040 0.197273
1162.174040 0.212651
1162.174040 0.208558
1162.174040 0.216348
1162.174040 0.216468
1162.174040 0.214384
1162.174040 0.213027
1162.174040 0.211114
1162.174040 0.214184
1162.174040 0.195152
1162.174040 0.220355
1162.174040 0.220300
1162.174040 0.214325
1162.174040 0.213625
1162.174040 0.205691
1162.174040 0.206794
1162.174040 0.209404
1162.174040 0.211189
1162.174040 0.214935
1162.174040 0.210884
1162.174040 0.215361
1162.174040 0.213983
1162.174040 0.215801
1162.174040 0.213721
1162.174040 0.192697
1162.174040 0.214210
1162.174040 0.220650
1162.174040 0.220698
1162.174040 0.191535
1033.289739 0.200574
1033.289739 0.201416
1033.289739 0.193815
