1649.935743 0.105310
1649.935743 0.109470
1649.935743 0.108789
1649.935743 0.105681
1649.935743 0.109660
1649.935743 0.111558
1649.935743 0.111145
1649.935743 0.111539
1649.935743 0.111588
1649.935743 0.111849
1649.935743 0.111680
1649.935743 0.110492
1649.935743 0.110505
1649.935743 0.112697
1649.935743 0.110373
1649.935743 0.113134
1649.935743 0.110955
1649.935743 0.111790
1649.935743 0.111659
1649.935743 0.111780
1649.935743 0.110543
1649.935743 0.111508
1649.935743 0.110943
1649.935743 0.112583
1649.935743 0.111433
1649.935743 0.112767
1649.935743 0.112558
1649.935743 0.112179
1649.935743 0.111423
1649.935743 0.113110
1649.935743 0.111187
1649.935743 0.113826
1649.935743 0.111830
1649.935743 0.111776
1649.935743 0.111625
1649.935743 0.112620
1649.935743 0.112027
1649.935743 0.111314
1649.935743 0.112953
1649.935743 0.111590
1649.935743 0.112963
1649.935743 0.112841
1649.935743 0.112630
1649.935743 0.112978
1649.935743 0.110475
1649.935743 0.111051
1649.935743 0.111113
1649.935743 0.113165
