2909.608409 0.184059
2909.608409 0.182725
2909.608409 0.184990
2909.608409 0.183994
2909.608409 0.183162
2909.608409 0.177363
2909.608409 0.180221
2909.608409 0.183917
2909.608409 0.182713
2909.608409 0.178815
2909.608409 0.179925
2909.608409 0.182817
2909.608409 0.184389
2909.608409 0.176959
2909.608409 0.176360
2909.608409 0.177310
2909.608409 0.176568
2909.608409 0.176929
2909.608409 0.177456
2909.608409 0.186171
2909.608409 0.177279
2909.608409 0.179451
2909.608409 0.186489
2909.608409 0.175990
2909.608409 0.185838
2909.608409 0.182619
2909.608409 0.180456
2909.608409 0.182774
2909.608409 0.183064
2909.608409 0.180840
2909.608409 0.183681
2909.608409 0.174463
