911.862363 0.199176
911.862363 0.201237
911.862363 0.201901
911.862363 0.199518
911.862363 0.202379
911.862363 0.201379
911.862363 0.203398
911.862363 0.203786
911.862363 0.202609
911.862363 0.200995
911.862363 0.201229
911.862363 0.203423
911.862363 0.202665
911.862363 0.202855
911.862363 0.202764
911.862363 0.201515
911.862363 0.202217
911.862363 0.202480
911.862363 0.203791
911.862363 0.203845
911.862363 0.203578
911.862363 0.205217
911.862363 0.202303
911.862363 0.202920
911.862363 0.204212
911.862363 0.203610
911.862363 0.205803
911.862363 0.204254
911.862363 0.203031
911.862363 0.203868
911.862363 0.203448
911.862363 0.196865
