4986.808282 0.138273
4986.808282 0.150641
4986.808282 0.143259
4986.808282 0.148973
4986.808282 0.144267
4986.808282 0.141793
4986.808282 0.190208
4986.808282 0.199938
4986.808282 0.228517
4986.808282 0.230091
4986.808282 0.229075
4986.808282 0.232055
4986.808282 0.231450
4986.808282 0.269133
4986.808282 0.268770
4986.808282 0.290449
4986.808282 0.295990
4986.808282 0.293877
4986.808282 0.301003
4986.808282 0.245069
4986.808282 0.279171
4986.808282 0.285163
4986.808282 0.295799
4986.808282 0.294599
4986.808282 0.284122
4986.808282 0.298733
4986.808282 0.290508
4986.808282 0.292481
4986.808282 0.301018
4986.808282 0.295722
4986.808282 0.303372
4986.808282 0.307951
4986.808282 0.302706
4986.808282 0.252156
4986.808282 0.298188
4986.808282 0.299854
4986.808282 0.304532
4986.808282 0.303851
4986.808282 0.303673
4986.808282 0.279593
4986.808282 0.305462
4986.808282 0.289617
4986.808282 0.296055
4986.808282 0.326753
4986.808282 0.252306
4986.808282 0.306848
4986.808282 0.316139
4986.808282 0.276708
4986.808282 0.276470
4986.808282 0.292986
