1727.376001 0.168871
1727.376001 0.160192
1727.376001 0.163965
1727.376001 0.158216
1727.376001 0.164629
1727.376001 0.170098
1727.376001 0.167493
1727.376001 0.167729
1727.376001 0.167389
1727.376001 0.168359
1727.376001 0.165429
1727.376001 0.168684
1727.376001 0.168040
1727.376001 0.163129
1727.376001 0.162962
1727.376001 0.161304
1727.376001 0.161460
1727.376001 0.161673
1727.376001 0.167285
1727.376001 0.160253
1727.376001 0.161640
1727.376001 0.160202
1727.376001 0.161685
1727.376001 0.159850
1727.376001 0.163105
1727.376001 0.170226
1727.376001 0.168327
1727.376001 0.169118
1727.376001 0.162420
1727.376001 0.164928
1727.376001 0.165795
1727.376001 0.155883
