3910.202212 0.164756
3910.202212 0.162186
3910.202212 0.163913
3910.202212 0.163836
3910.202212 0.167542
3910.202212 0.132360
3910.202212 0.199790
3910.202212 0.206418
3910.202212 0.210829
3910.202212 0.231510
3910.202212 0.239499
3910.202212 0.241778
3910.202212 0.286708
3910.202212 0.292917
3910.202212 0.292635
3910.202212 0.281343
3910.202212 0.293655
3910.202212 0.289095
3910.202212 0.292861
3910.202212 0.292528
3910.202212 0.291402
3910.202212 0.287257
3910.202212 0.291787
3910.202212 0.291997
3910.202212 0.266038
3910.202212 0.299402
3910.202212 0.288538
3910.202212 0.291970
3910.202212 0.293270
3910.202212 0.308736
3910.202212 0.292380
3910.202212 0.291908
3910.202212 0.291664
3910.202212 0.294927
3910.202212 0.296848
3910.202212 0.296553
3910.202212 0.293903
3910.202212 0.292334
3910.202212 0.287868
3910.202212 0.289837
3910.202212 0.284157
3910.202212 0.284414
3910.202212 0.256432
3910.202212 0.275530
3910.202212 0.255005
3910.202212 0.287002
3910.202212 0.277084
3910.202212 0.272480
3910.202212 0.273278
3910.202212 0.270189
