3851.323881 0.175031
3851.323881 0.175065
3851.323881 0.169836
3851.323881 0.184057
3851.323881 0.171265
3851.323881 0.170533
3851.323881 0.236097
3851.323881 0.244950
3851.323881 0.270551
3851.323881 0.267671
3851.323881 0.251642
3851.323881 0.274994
3851.323881 0.260664
3851.323881 0.263597
3851.323881 0.267110
3851.323881 0.263074
3851.323881 0.318249
3851.323881 0.313838
3851.323881 0.310062
3851.323881 0.337624
3851.323881 0.327906
3851.323881 0.343414
3851.323881 0.343218
3851.323881 0.351960
3851.323881 0.342796
3851.323881 0.323317
3851.323881 0.359768
3851.323881 0.342988
3851.323881 0.318403
3851.323881 0.343774
3851.323881 0.347221
3851.323881 0.350207
3851.323881 0.371063
3851.323881 0.330994
3851.323881 0.351089
3851.323881 0.343458
3851.323881 0.343894
3851.323881 0.343770
3851.323881 0.343959
3851.323881 0.341257
3851.323881 0.327680
3851.323881 0.329775
3851.323881 0.351062
3851.323881 0.366751
3851.323881 0.344173
3851.323881 0.386900
3851.323881 0.386491
3851.323881 0.329504
3851.323881 0.330303
3851.323881 0.354748
