2535.887489 0.164640
2535.887489 0.165248
2535.887489 0.170167
2535.887489 0.167092
2535.887489 0.170472
2535.887489 0.178764
2535.887489 0.169669
2535.887489 0.171895
2535.887489 0.175868
2535.887489 0.172116
2535.887489 0.175310
2535.887489 0.175484
2535.887489 0.174060
2535.887489 0.182665
2535.887489 0.176220
2535.887489 0.174384
2535.887489 0.171216
2535.887489 0.175571
2535.887489 0.176377
2535.887489 0.170986
2535.887489 0.174913
2535.887489 0.177834
2535.887489 0.176519
2535.887489 0.170615
2535.887489 0.178016
2535.887489 0.177109
2535.887489 0.178102
2535.887489 0.176097
2535.887489 0.176069
2535.887489 0.173697
2535.887489 0.179265
2535.887489 0.176040
2535.887489 0.191799
2535.887489 0.183359
2535.887489 0.188422
2535.887489 0.184113
2535.887489 0.202750
2535.887489 0.193448
2535.887489 0.192217
2535.887489 0.192706
2535.887489 0.192736
2535.887489 0.211060
2535.887489 0.205864
2535.887489 0.203890
2535.887489 0.205670
2535.887489 0.210603
2535.887489 0.238903
2535.887489 0.239985
