1372.424907 0.170893
1372.424907 0.173800
1372.424907 0.170403
1372.424907 0.172746
1372.424907 0.168762
1372.424907 0.171787
1372.424907 0.169837
1372.424907 0.175635
1372.424907 0.174116
1372.424907 0.171368
1372.424907 0.170732
1372.424907 0.172405
1372.424907 0.173475
1372.424907 0.175516
1372.424907 0.173977
1372.424907 0.172413
1372.424907 0.177235
1372.424907 0.168251
1372.424907 0.174655
1372.424907 0.172452
1372.424907 0.173699
1372.424907 0.174576
1372.424907 0.171838
1372.424907 0.175316
1372.424907 0.175256
1372.424907 0.177681
1372.424907 0.174487
1372.424907 0.172618
1372.424907 0.171663
1372.424907 0.177735
1372.424907 0.177240
1372.424907 0.175735
1372.424907 0.175334
1372.424907 0.178243
1372.424907 0.175715
1372.424907 0.175360
1372.424907 0.174207
1372.424907 0.171140
1372.424907 0.175820
1372.424907 0.171399
1372.424907 0.176608
1372.424907 0.173964
1372.424907 0.177074
1372.424907 0.177135
1372.424907 0.175524
1372.424907 0.177902
1372.424907 0.262723
1372.424907 0.261749
