5853.626218 0.181562
5853.626218 0.184052
5853.626218 0.180522
5853.626218 0.181772
5853.626218 0.182249
5853.626218 0.184379
5853.626218 0.184464
5853.626218 0.183412
5853.626218 0.183117
5853.626218 0.184852
5853.626218 0.184398
5853.626218 0.183231
5853.626218 0.184326
5853.626218 0.184368
5853.626218 0.182915
5853.626218 0.182519
5853.626218 0.183353
5853.626218 0.184025
5853.626218 0.183662
5853.626218 0.184522
5853.626218 0.183930
5853.626218 0.184182
5853.626218 0.184820
5853.626218 0.184821
5853.626218 0.185460
5853.626218 0.184802
5853.626218 0.185476
5853.626218 0.184424
5853.626218 0.186359
5853.626218 0.195796
5853.626218 0.194139
5853.626218 0.173642
