17689.642767 0.140087
17689.642767 0.175785
17689.642767 0.179933
17689.642767 0.175572
17689.642767 0.177566
17689.642767 0.161640
17689.642767 0.256771
17689.642767 0.270128
17689.642767 0.256063
17689.642767 0.281774
17689.642767 0.280537
17689.642767 0.281022
17689.642767 0.275241
17689.642767 0.329375
17689.642767 0.318903
17689.642767 0.333550
17689.642767 0.355924
17689.642767 0.364307
17689.642767 0.346352
17689.642767 0.367176
17689.642767 0.371662
17689.642767 0.368046
17689.642767 0.366582
17689.642767 0.365843
17689.642767 0.371988
17689.642767 0.374985
17689.642767 0.367745
17689.642767 0.368061
17689.642767 0.367314
17689.642767 0.367572
17689.642767 0.367648
17689.642767 0.373067
17689.642767 0.373349
17689.642767 0.339733
17689.642767 0.376627
17689.642767 0.367309
17689.642767 0.380465
17689.642767 0.364676
17689.642767 0.366160
17689.642767 0.363118
17689.642767 0.366264
17689.642767 0.366634
17689.642767 0.365474
17689.642767 0.368643
17689.642767 0.372673
17689.642767 0.373871
17689.642767 0.374462
17689.642767 0.169416
17689.642767 0.341743
17689.642767 0.343693
