22766.732811 0.216472
22766.732811 0.196466
22766.732811 0.206716
22766.732811 0.211520
22766.732811 0.222774
22766.732811 0.203084
22766.732811 0.322789
22766.732811 0.332815
22766.732811 0.360144
22766.732811 0.396394
22766.732811 0.385389
22766.732811 0.399167
22766.732811 0.352043
22766.732811 0.413395
22766.732811 0.419675
22766.732811 0.434758
22766.732811 0.429040
22766.732811 0.444678
22766.732811 0.434188
22766.732811 0.416072
22766.732811 0.439623
22766.732811 0.441148
22766.732811 0.440410
22766.732811 0.445376
22766.732811 0.440712
22766.732811 0.440823
22766.732811 0.417494
22766.732811 0.442236
22766.732811 0.439156
22766.732811 0.439486
22766.732811 0.438621
22766.732811 0.429535
22766.732811 0.444871
22766.732811 0.445679
22766.732811 0.451354
22766.732811 0.438912
22766.732811 0.431826
22766.732811 0.441635
22766.732811 0.411394
22766.732811 0.444346
22766.732811 0.388149
22766.732811 0.401081
22766.732811 0.426181
22766.732811 0.428678
22766.732811 0.410480
22766.732811 0.421483
22766.732811 0.419948
18940.731656 0.399940
18940.731656 0.396812
18940.731656 0.412880
