3845.380734 0.192186
3845.380734 0.196496
3845.380734 0.204230
3845.380734 0.201419
3845.380734 0.215153
3845.380734 0.192313
3845.380734 0.281513
3845.380734 0.317892
3845.380734 0.292700
3845.380734 0.322222
3845.380734 0.322512
3845.380734 0.322587
3845.380734 0.373650
3845.380734 0.388513
3845.380734 0.377994
3845.380734 0.358771
3845.380734 0.378388
3845.380734 0.390945
3845.380734 0.421869
3845.380734 0.418216
3845.380734 0.388964
3845.380734 0.409518
3845.380734 0.413971
3845.380734 0.419059
3845.380734 0.399384
3845.380734 0.398023
3845.380734 0.422066
3845.380734 0.418078
3845.380734 0.417101
3845.380734 0.410627
3845.380734 0.418308
3845.380734 0.420816
3845.380734 0.418336
3845.380734 0.428827
3845.380734 0.420788
3845.380734 0.415844
3845.380734 0.417733
3845.380734 0.409389
3845.380734 0.413794
3845.380734 0.417146
3845.380734 0.425493
3845.380734 0.417410
3845.380734 0.425583
3845.380734 0.410152
3845.380734 0.416625
3845.380734 0.401318
3845.380734 0.408665
3845.380734 0.394161
3845.380734 0.393579
3845.380734 0.393054
