1689.568360 0.302196
1689.568360 0.300863
1689.568360 0.308824
1689.568360 0.303302
1689.568360 0.305780
1689.568360 0.307202
1689.568360 0.308353
1689.568360 0.312959
1689.568360 0.313291
1689.568360 0.313800
1689.568360 0.314664
1689.568360 0.314625
1689.568360 0.315090
1689.568360 0.316012
1689.568360 0.315077
1689.568360 0.313304
1689.568360 0.315293
1689.568360 0.305428
1689.568360 0.326451
1689.568360 0.328095
1689.568360 0.307459
1689.568360 0.302463
1689.568360 0.306104
1689.568360 0.305456
1689.568360 0.306928
1689.568360 0.308902
1689.568360 0.314483
1689.568360 0.315989
1689.568360 0.317440
1689.568360 0.314454
1689.568360 0.305834
1689.568360 0.306320
