9097.415964 0.353528
9097.415964 0.353269
9097.415964 0.352266
9097.415964 0.351371
9097.415964 0.346123
9097.415964 0.354046
9097.415964 0.351585
9097.415964 0.357254
9097.415964 0.350956
9097.415964 0.351654
9097.415964 0.350959
9097.415964 0.347065
9097.415964 0.345964
9097.415964 0.347732
9097.415964 0.346695
9097.415964 0.353809
9097.415964 0.345443
9097.415964 0.348940
9097.415964 0.348427
9097.415964 0.353878
9097.415964 0.351231
9097.415964 0.347828
9097.415964 0.355443
9097.415964 0.353502
9097.415964 0.353854
9097.415964 0.351279
9097.415964 0.351236
9097.415964 0.348038
9097.415964 0.354360
9097.415964 0.357571
9097.415964 0.349246
9097.415964 0.336820
