14870.246512 0.209192
14870.246512 0.209718
14870.246512 0.216895
14870.246512 0.215853
14870.246512 0.215933
14870.246512 0.215702
14870.246512 0.273035
14870.246512 0.299850
14870.246512 0.327329
14870.246512 0.323190
14870.246512 0.341307
14870.246512 0.307011
14870.246512 0.395859
14870.246512 0.403434
14870.246512 0.406424
14870.246512 0.424032
14870.246512 0.385578
14870.246512 0.392370
14870.246512 0.435951
14870.246512 0.436940
14870.246512 0.401836
14870.246512 0.403720
14870.246512 0.412035
14870.246512 0.433060
14870.246512 0.436726
14870.246512 0.437460
14870.246512 0.414704
14870.246512 0.440470
14870.246512 0.436558
14870.246512 0.437229
14870.246512 0.436718
14870.246512 0.435865
14870.246512 0.422217
14870.246512 0.439021
14870.246512 0.433449
14870.246512 0.436936
14870.246512 0.437881
14870.246512 0.437190
14870.246512 0.436398
14870.246512 0.434177
14870.246512 0.444953
14870.246512 0.444938
14870.246512 0.444016
14870.246512 0.443967
14870.246512 0.462792
14870.246512 0.434581
14870.246512 0.431483
14870.246512 0.408628
14870.246512 0.436199
14870.246512 0.440151
