7144.796290 0.609822
7144.796290 0.609890
7144.796290 0.612005
7144.796290 0.610526
7144.796290 0.612559
7144.796290 0.611270
7144.796290 0.612275
7144.796290 0.605413
7144.796290 0.608331
7144.796290 0.612162
7144.796290 0.606350
7144.796290 0.605377
7144.796290 0.605910
7144.796290 0.611380
7144.796290 0.606160
7144.796290 0.611142
7144.796290 0.606554
7144.796290 0.601264
7144.796290 0.608001
7144.796290 0.608648
7144.796290 0.615847
7144.796290 0.613398
7144.796290 0.606307
7144.796290 0.609468
7144.796290 0.610254
7144.796290 0.615955
7144.796290 0.614386
7144.796290 0.612233
7144.796290 0.610120
7144.796290 0.626110
7144.796290 0.606443
7144.796290 0.549312
