33594.771929 0.244522
33594.771929 0.242899
33594.771929 0.252986
33594.771929 0.252589
33594.771929 0.252701
33594.771929 0.227851
33594.771929 0.364327
33594.771929 0.327678
33594.771929 0.359991
33594.771929 0.388983
33594.771929 0.380783
33594.771929 0.431763
33594.771929 0.431720
33594.771929 0.484662
33594.771929 0.396348
33594.771929 0.466614
33594.771929 0.488795
33594.771929 0.470355
33594.771929 0.484928
33594.771929 0.502091
33594.771929 0.464894
33594.771929 0.476427
33594.771929 0.512036
33594.771929 0.508565
33594.771929 0.504608
33594.771929 0.487648
33594.771929 0.512080
33594.771929 0.516952
33594.771929 0.516031
33594.771929 0.516338
33594.771929 0.498938
33594.771929 0.444664
33594.771929 0.502528
33594.771929 0.504896
33594.771929 0.463590
33594.771929 0.514591
33594.771929 0.506000
33594.771929 0.511483
33594.771929 0.510589
33594.771929 0.512910
33594.771929 0.517306
33594.771929 0.510984
33594.771929 0.518746
33594.771929 0.517317
33594.771929 0.511883
33594.771929 0.488199
33594.771929 0.493096
33594.771929 0.473838
33594.771929 0.476013
33594.771929 0.473907
