4586.542354 0.239166
4586.542354 0.244845
4586.542354 0.235920
4586.542354 0.240537
4586.542354 0.235167
4586.542354 0.237796
4586.542354 0.244576
4586.542354 0.248111
4586.542354 0.235579
4586.542354 0.246215
4586.542354 0.250003
4586.542354 0.239534
4586.542354 0.251559
4586.542354 0.242098
4586.542354 0.249606
4586.542354 0.245701
4586.542354 0.251279
4586.542354 0.246068
4586.542354 0.246766
4586.542354 0.244879
4586.542354 0.241695
4586.542354 0.247947
4586.542354 0.245777
4586.542354 0.272207
4586.542354 0.249528
4586.542354 0.286152
4586.542354 0.292491
4586.542354 0.287122
4586.542354 0.284889
4586.542354 0.292662
4586.542354 0.294105
4586.542354 0.286240
4586.542354 0.295961
4586.542354 0.300132
4586.542354 0.302311
4586.542354 0.296545
4586.542354 0.359123
4586.542354 0.360080
4586.542354 0.370180
4586.542354 0.370055
4586.542354 0.431362
4586.542354 0.432876
4586.542354 0.478481
4586.542354 0.482543
4586.542354 0.485169
4586.542354 0.493919
4586.542354 0.489600
4586.542354 0.489779
