2561.146324 0.216680
2561.146324 0.217355
2561.146324 0.237502
2561.146324 0.236706
2561.146324 0.248244
2561.146324 0.232241
2561.146324 0.330086
2561.146324 0.302083
2561.146324 0.322170
2561.146324 0.364773
2561.146324 0.358861
2561.146324 0.360158
2561.146324 0.349180
2561.146324 0.379433
2561.146324 0.401372
2561.146324 0.443926
2561.146324 0.449354
2561.146324 0.438497
2561.146324 0.479897
2561.146324 0.460320
2561.146324 0.485251
2561.146324 0.480090
2561.146324 0.478921
2561.146324 0.489076
2561.146324 0.485283
2561.146324 0.469976
2561.146324 0.482680
2561.146324 0.484491
2561.146324 0.489448
2561.146324 0.488532
2561.146324 0.489840
2561.146324 0.481911
2561.146324 0.477201
2561.146324 0.479481
2561.146324 0.474344
2561.146324 0.488512
2561.146324 0.478339
2561.146324 0.483419
2561.146324 0.484206
2561.146324 0.488363
2561.146324 0.489528
2561.146324 0.489601
2561.146324 0.479516
2561.146324 0.486662
2561.146324 0.490289
2561.146324 0.486873
2561.146324 0.480839
2646.541753 0.448648
2646.541753 0.478038
2646.541753 0.505184
