28406.827865 0.239385
28406.827865 0.238843
28406.827865 0.245735
28406.827865 0.240103
28406.827865 0.244404
28406.827865 0.239934
28406.827865 0.239110
28406.827865 0.248081
28406.827865 0.245962
28406.827865 0.251945
28406.827865 0.254235
28406.827865 0.252753
28406.827865 0.247413
28406.827865 0.246556
28406.827865 0.250116
28406.827865 0.256636
28406.827865 0.253258
28406.827865 0.249562
28406.827865 0.252351
28406.827865 0.258381
28406.827865 0.252656
28406.827865 0.250558
28406.827865 0.251039
28406.827865 0.249217
28406.827865 0.311264
28406.827865 0.310258
28406.827865 0.313972
28406.827865 0.314667
28406.827865 0.340757
28406.827865 0.343395
28406.827865 0.369515
28406.827865 0.369275
28406.827865 0.371545
28406.827865 0.373330
28406.827865 0.378962
28406.827865 0.376263
28406.827865 0.417908
28406.827865 0.422081
28406.827865 0.486304
28406.827865 0.497358
28406.827865 0.488473
28406.827865 0.501387
28406.827865 0.496892
28406.827865 0.498999
28406.827865 0.506250
28406.827865 0.500063
28406.827865 0.503439
28406.827865 0.505222
