5717.813904 0.601057
5717.813904 0.600499
5717.813904 0.605699
5717.813904 0.602758
5717.813904 0.600706
5717.813904 0.608874
5717.813904 0.607411
5717.813904 0.608035
5717.813904 0.608569
5717.813904 0.596446
5717.813904 0.608453
5717.813904 0.606818
5717.813904 0.609633
5717.813904 0.611596
5717.813904 0.606155
5717.813904 0.608186
5717.813904 0.612159
5717.813904 0.611480
5717.813904 0.610999
5717.813904 0.607133
5717.813904 0.610615
5717.813904 0.608875
5717.813904 0.607455
5717.813904 0.610289
5717.813904 0.608676
5717.813904 0.607687
5717.813904 0.611051
5717.813904 0.604097
5717.813904 0.599207
5717.813904 0.607343
5717.813904 0.592803
5717.813904 0.592903
