3363.770113 0.267435
3363.770113 0.267653
3363.770113 0.264617
3363.770113 0.274426
3363.770113 0.270500
3363.770113 0.252768
3363.770113 0.380691
3363.770113 0.411286
3363.770113 0.414381
3363.770113 0.405855
3363.770113 0.412649
3363.770113 0.417027
3363.770113 0.415812
3363.770113 0.378145
3363.770113 0.486447
3363.770113 0.503887
3363.770113 0.493921
3363.770113 0.502924
3363.770113 0.510124
3363.770113 0.510942
3363.770113 0.527459
3363.770113 0.544047
3363.770113 0.545246
3363.770113 0.476574
3363.770113 0.558936
3363.770113 0.560498
3363.770113 0.561175
3363.770113 0.556169
3363.770113 0.541488
3363.770113 0.561510
3363.770113 0.559018
3363.770113 0.557920
3363.770113 0.554842
3363.770113 0.556111
3363.770113 0.554636
3363.770113 0.558894
3363.770113 0.558979
3363.770113 0.560325
3363.770113 0.560134
3363.770113 0.561777
3363.770113 0.561748
3363.770113 0.556574
3363.770113 0.560577
3363.770113 0.575694
3363.770113 0.549264
3363.770113 0.549291
3363.770113 0.547067
3363.770113 0.515014
3363.770113 0.517644
3363.770113 0.553665
