13310.171120 0.621777
13310.171120 0.621278
13310.171120 0.624759
13310.171120 0.621435
13310.171120 0.625546
13310.171120 0.622737
13310.171120 0.625307
13310.171120 0.626713
13310.171120 0.621891
13310.171120 0.622125
13310.171120 0.628841
13310.171120 0.629980
13310.171120 0.630347
13310.171120 0.626854
13310.171120 0.625568
13310.171120 0.631557
13310.171120 0.628544
13310.171120 0.631002
13310.171120 0.629395
13310.171120 0.630532
13310.171120 0.628546
13310.171120 0.630612
13310.171120 0.629040
13310.171120 0.622842
13310.171120 0.631345
13310.171120 0.626584
13310.171120 0.627324
13310.171120 0.631705
13310.171120 0.669120
13310.171120 0.634048
13310.171120 0.665982
13310.171120 0.619588
