13766.563530 0.486786
13766.563530 0.488192
13766.563530 0.490947
13766.563530 0.489251
13766.563530 0.507589
13766.563530 0.493024
14121.555822 0.626351
14121.555822 0.632798
14121.555822 0.625742
14121.555822 0.685084
14121.555822 0.687500
14121.555822 0.684661
14121.555822 0.688299
14121.555822 0.687053
14121.555822 0.691993
13766.563530 0.791484
13766.563530 0.790749
13766.563530 0.789419
13766.563530 0.788903
13766.563530 0.789659
13766.563530 0.756178
14121.555822 0.835441
14121.555822 0.920046
14121.555822 0.913984
14121.555822 0.975164
14121.555822 0.973434
14121.555822 0.976748
14121.555822 0.975822
14121.555822 0.999201
14121.555822 0.996718
14121.555822 1.000113
14121.555822 1.002033
