8367.549266 0.803924
7981.661086 0.934668
7981.661086 0.932071
7981.661086 0.931670
7981.661086 0.934873
7981.661086 0.939475
7981.661086 0.934329
7981.661086 0.937417
7981.661086 0.933605
7981.661086 0.940501
7981.661086 0.936352
7981.661086 0.939867
7981.661086 0.929364
7981.661086 0.940577
7981.661086 0.938041
7981.661086 0.923873
7981.661086 0.940297
7981.661086 0.938436
7981.661086 0.926815
7981.661086 0.939923
7981.661086 0.943976
7981.661086 0.941060
7981.661086 0.941528
7981.661086 0.931347
7981.661086 0.932382
7981.661086 0.934137
7981.661086 0.938825
7981.661086 0.942717
7981.661086 0.951887
7981.661086 0.925428
7981.661086 0.912481
7981.661086 0.908471
