17881.699052 1.205212
17881.699052 1.203343
17881.699052 1.202227
17881.699052 1.217859
17881.699052 1.206071
17881.699052 1.202424
17881.699052 1.200546
17881.699052 1.206396
17881.699052 1.207234
17881.699052 1.211101
17881.699052 1.218110
17881.699052 1.216309
17881.699052 1.217425
17881.699052 1.199490
17881.699052 1.209222
17881.699052 1.220450
17881.699052 1.217721
17881.699052 1.212205
17881.699052 1.217206
17881.699052 1.200796
17881.699052 1.217502
17881.699052 1.216319
17881.699052 1.218434
17881.699052 1.210655
17881.699052 1.220241
17881.699052 1.213886
17881.699052 1.222611
17881.699052 1.209069
17881.699052 1.192760
17881.699052 1.194741
17881.699052 1.185735
17881.699052 1.169964
