22619.670465 0.312704
22619.670465 0.315526
22619.670465 0.311190
22619.670465 0.306343
22619.670465 0.317875
22619.670465 0.297081
22619.670465 0.423382
22619.670465 0.448191
22619.670465 0.486490
22619.670465 0.467646
22619.670465 0.481931
22619.670465 0.472464
22619.670465 0.531173
22619.670465 0.511469
22619.670465 0.567857
22619.670465 0.581976
22619.670465 0.625036
22619.670465 0.596176
22619.670465 0.602156
22619.670465 0.589632
22619.670465 0.613951
22619.670465 0.620006
22619.670465 0.641613
22619.670465 0.632706
22619.670465 0.637189
22619.670465 0.628970
22619.670465 0.638801
22619.670465 0.642558
22619.670465 0.641516
22619.670465 0.642505
22619.670465 0.644107
22619.670465 0.643459
22619.670465 0.644285
22619.670465 0.642373
22619.670465 0.643926
22619.670465 0.621407
22619.670465 0.636896
22619.670465 0.646597
22619.670465 0.624886
22619.670465 0.637017
22619.670465 0.646814
22619.670465 0.641070
22619.670465 0.632228
22619.670465 0.629284
22619.670465 0.624854
22619.670465 0.636793
22619.670465 0.641704
22619.670465 0.590258
22619.670465 0.591846
22619.670465 0.592539
