4642.007830 0.292088
4642.007830 0.295875
4642.007830 0.298439
4642.007830 0.299071
4642.007830 0.304259
4642.007830 0.300046
4642.007830 0.300174
4642.007830 0.303820
4642.007830 0.305171
4642.007830 0.306622
4642.007830 0.304188
4642.007830 0.303389
4642.007830 0.307256
4642.007830 0.306845
4642.007830 0.309304
4642.007830 0.310902
4642.007830 0.305032
4642.007830 0.305879
4642.007830 0.315356
4642.007830 0.309238
4642.007830 0.358337
4642.007830 0.355889
4642.007830 0.417628
4642.007830 0.421974
4642.007830 0.454307
4642.007830 0.457326
4642.007830 0.467821
4642.007830 0.472167
4642.007830 0.601850
4642.007830 0.613751
4642.007830 0.610803
4642.007830 0.618226
4642.007830 0.606129
4642.007830 0.611192
4642.007830 0.607564
4642.007830 0.617932
4642.007830 0.615256
4642.007830 0.623440
4642.007830 0.616472
4642.007830 0.620668
4642.007830 0.615614
4642.007830 0.613709
4642.007830 0.626475
4642.007830 0.622779
4642.007830 0.630760
4642.007830 0.639852
4642.007830 0.632017
4642.007830 0.642543
