43030.596282 0.316660
43030.596282 0.314781
43030.596282 0.349433
43030.596282 0.347502
43030.596282 0.343446
43030.596282 0.348289
43030.596282 0.344489
43030.596282 0.473529
43030.596282 0.476834
43030.596282 0.487560
43030.596282 0.494693
43030.596282 0.491604
43030.596282 0.507990
43030.596282 0.539314
43030.596282 0.563144
43030.596282 0.596062
43030.596282 0.590926
43030.596282 0.599118
43030.596282 0.609965
43030.596282 0.606131
43030.596282 0.600590
43030.596282 0.642385
43030.596282 0.621892
43030.596282 0.628399
43030.596282 0.613091
43030.596282 0.651978
43030.596282 0.658929
43030.596282 0.655018
43030.596282 0.641566
43030.596282 0.645450
43030.596282 0.657568
43030.596282 0.655286
43030.596282 0.654823
43030.596282 0.659182
43030.596282 0.645545
43030.596282 0.657855
43030.596282 0.652958
43030.596282 0.657616
43030.596282 0.659745
43030.596282 0.659887
43030.596282 0.655221
43030.596282 0.673089
43030.596282 0.648840
43030.596282 0.660151
43030.596282 0.660273
43030.596282 0.661263
43030.596282 0.657406
41941.014814 0.608821
41941.014814 0.608935
41941.014814 0.605264
