11484.604551 0.733544
11484.604551 0.735705
11484.604551 0.739731
11484.604551 0.732199
11484.604551 0.732393
11484.604551 0.737941
11484.604551 0.734157
11484.604551 0.738972
11484.604551 0.741168
11484.604551 0.742184
11484.604551 0.730504
11484.604551 0.742916
11484.604551 0.744695
11484.604551 0.741069
11484.604551 0.744432
11484.604551 0.743349
11484.604551 0.738636
11484.604551 0.738533
11484.604551 0.740112
11484.604551 0.737404
11484.604551 0.741900
11484.604551 0.741670
11484.604551 0.742192
11484.604551 0.742313
11484.604551 0.732894
11484.604551 0.736084
11484.604551 0.740947
11484.604551 0.731919
11484.604551 0.731799
11484.604551 0.732384
11484.604551 0.738733
11484.604551 0.716436
