7321.051568 10.616233
7321.051568 10.613825
7321.051568 10.620691
7321.051568 10.621581
7321.051568 10.614418
7321.051568 10.618052
7321.051568 10.632212
7321.051568 10.633931
7321.051568 10.627528
7321.051568 10.630117
7321.051568 10.635862
7321.051568 10.628338
7321.051568 10.627491
7321.051568 10.626327
7321.051568 10.626587
7321.051568 10.639121
7321.051568 10.633111
7321.051568 10.644275
7321.051568 10.639052
7321.051568 10.637293
7321.051568 10.645713
7321.051568 10.639796
7321.051568 10.660927
7321.051568 10.655117
7321.051568 10.663314
7321.051568 10.659536
7321.051568 10.667591
7321.051568 10.677501
7321.051568 10.670440
7321.051568 10.673787
7321.051568 10.805736
7321.051568 10.814874
