33629.306365 18.754943
33629.306365 18.761287
33629.306365 18.765841
33629.306365 18.766506
33629.306365 18.773773
33629.306365 18.775962
33629.306365 18.784408
33629.306365 18.786735
33629.306365 18.788392
33629.306365 18.789889
33629.306365 18.793077
33629.306365 18.796247
33629.306365 18.797041
33629.306365 18.799920
33629.306365 18.832631
33629.306365 18.860510
33629.306365 18.906726
33629.306365 18.911636
33629.306365 18.917565
33629.306365 18.918526
33629.306365 18.923114
33629.306365 18.927931
33629.306365 18.930524
33629.306365 18.935656
33629.306365 18.934274
33629.306365 18.940423
33629.306365 18.939452
33629.306365 18.942855
33629.306365 18.966405
33629.306365 18.981013
33629.306365 18.986619
33629.306365 19.009847
