1086.846343 4.472249
1086.846343 4.467209
1086.846343 4.481400
1086.846343 4.478417
1086.846343 4.480748
1086.846343 4.475683
1086.846343 4.480348
1086.846343 4.482009
1086.846343 4.476654
1086.846343 4.475181
1086.846343 4.476011
1086.846343 4.477640
1086.846343 4.482507
1086.846343 4.483315
1086.846343 4.480382
1086.846343 4.479632
1086.846343 4.488686
1086.846343 4.485820
1086.846343 4.481434
1086.846343 4.489915
1086.846343 4.490031
1086.846343 4.485449
1086.846343 4.496132
1086.846343 4.485231
1086.846343 4.494749
1086.846343 4.490828
1086.846343 4.490082
1086.846343 4.489776
1086.846343 4.494170
1086.846343 4.489000
1086.846343 4.491139
1086.846343 4.480721
