3927.478726 4.932099
3927.478726 5.378788
3927.478726 5.386879
3927.478726 5.388687
3927.478726 5.414253
3927.478726 5.412633
3927.478726 5.440559
3927.478726 6.056074
3927.478726 6.118560
3927.478726 6.130342
3927.478726 6.137871
3927.478726 6.147513
3927.478726 6.151432
3927.478726 6.145520
3927.478726 6.152364
3927.478726 6.148931
3927.478726 6.159168
3927.478726 6.184506
3927.478726 6.192367
3927.478726 6.233882
3927.478726 6.260134
3927.478726 6.266175
3927.478726 6.201740
3927.478726 6.282249
3927.478726 6.269349
3927.478726 6.277392
3927.478726 6.281496
3927.478726 6.304669
3927.478726 6.305798
3927.478726 6.300297
3927.478726 6.235766
3927.478726 6.304067
3927.478726 6.319663
3927.478726 6.320208
3927.478726 6.320254
3927.478726 6.331185
3927.478726 6.337716
3927.478726 6.333714
3927.478726 6.343169
3927.478726 6.278097
3927.478726 6.355129
3927.478726 6.252399
3927.478726 6.359413
3927.478726 6.364581
3927.478726 6.286273
3927.478726 6.370362
3927.478726 6.318243
3762.520974 3.920431
3762.520974 3.935100
3762.520974 3.935380
