14308.830929 6.588537
14308.830929 6.595912
14308.830929 6.597682
14308.830929 6.589773
14308.830929 6.588152
14308.830929 6.596875
14308.830929 6.594597
14308.830929 6.593363
14308.830929 6.601398
14308.830929 6.598488
14308.830929 6.600469
14308.830929 6.593197
14308.830929 6.601174
14308.830929 6.600293
14308.830929 6.601131
14308.830929 6.596758
14308.830929 6.602018
14308.830929 6.596883
14308.830929 6.597764
14308.830929 6.597819
14308.830929 6.604548
14308.830929 6.597988
14308.830929 6.607849
14308.830929 6.603881
14308.830929 6.612015
14308.830929 6.609711
14308.830929 6.613102
14308.830929 6.611965
14308.830929 6.622660
14308.830929 6.622234
14308.830929 6.619466
14308.830929 6.618514
