20316.361703 7.980054
20316.361703 7.990069
20316.361703 7.994515
20316.361703 7.994017
20316.361703 8.000959
20316.361703 8.001991
20316.361703 8.004801
20316.361703 8.004713
20316.361703 8.003144
20316.361703 8.007595
20316.361703 8.003808
20316.361703 8.010664
20316.361703 8.011057
20316.361703 8.021525
20316.361703 8.027181
20316.361703 8.037378
20316.361703 8.043535
20316.361703 8.045615
20316.361703 8.045956
20316.361703 8.048657
20316.361703 8.051232
20316.361703 8.053494
20316.361703 8.052737
20316.361703 8.056060
20316.361703 8.058370
20316.361703 8.062533
20316.361703 8.066287
20316.361703 8.069346
20316.361703 8.005289
20316.361703 8.075334
20316.361703 8.313802
20316.361703 8.335137
