180.724068 0.403904
180.724068 0.404793
180.724068 0.407289
180.724068 0.407564
180.724068 0.406802
180.724068 0.402583
180.724068 0.404571
180.724068 0.411969
180.724068 0.404005
180.724068 0.405883
180.724068 0.405439
180.724068 0.411252
180.724068 0.405951
180.724068 0.405099
180.724068 0.409147
180.724068 0.406303
180.724068 0.405931
180.724068 0.408200
180.724068 0.404587
180.724068 0.407495
180.724068 0.406749
180.724068 0.406263
180.724068 0.408700
180.724068 0.409171
180.724068 0.405486
180.724068 0.406617
180.724068 0.407806
180.724068 0.408743
180.724068 0.408851
180.724068 0.411207
180.724068 0.412886
180.724068 0.413132
180.724068 0.410794
180.724068 0.411075
180.724068 0.409667
180.724068 0.414193
180.724068 0.412420
180.724068 0.413035
180.724068 0.414743
180.724068 0.411459
180.724068 0.411523
180.724068 0.417219
180.724068 0.405641
180.724068 0.425724
180.724068 0.420460
180.724068 0.425619
180.724068 0.488848
180.724068 0.485810
