2781.165322 8.217052
2781.165322 8.216738
2781.165322 8.218923
2781.165322 8.211719
2781.165322 8.215822
2781.165322 8.214782
2781.165322 8.222453
2781.165322 8.215371
2781.165322 8.219806
2781.165322 8.213988
2781.165322 8.221676
2781.165322 8.217912
2781.165322 8.227672
2781.165322 8.224989
2781.165322 8.230778
2781.165322 8.228671
2781.165322 8.241347
2781.165322 8.237465
2781.165322 8.268378
2781.165322 8.262738
2781.165322 8.273324
2781.165322 8.267014
2781.165322 8.272568
2781.165322 8.268841
2781.165322 8.277840
2781.165322 8.273696
2781.165322 8.301803
2781.165322 8.295740
2781.165322 8.320962
2781.165322 8.315775
2781.165322 8.373532
2781.165322 8.368405
