10896.492681 13.179879
10896.492681 13.186981
10896.492681 13.185624
10896.492681 13.189659
10896.492681 13.192312
10896.492681 13.194428
10896.492681 13.199788
10896.492681 13.194413
10896.492681 13.195138
10896.492681 13.197977
10896.492681 13.198743
10896.492681 13.196083
10896.492681 13.208884
10896.492681 13.199125
10896.492681 13.201678
10896.492681 13.204325
10896.492681 13.209209
10896.492681 13.204004
10896.492681 13.207869
10896.492681 13.216655
10896.492681 13.210587
10896.492681 13.211224
10896.492681 13.212951
10896.492681 13.222309
10896.492681 13.237478
10896.492681 13.232292
10896.492681 13.243461
10896.492681 13.241653
10896.492681 13.278782
10896.492681 13.271997
10896.492681 13.630703
10896.492681 13.647521
