378.940568 0.729341
378.940568 0.731857
378.940568 0.729446
378.940568 0.731208
378.940568 0.731539
378.940568 0.731186
378.940568 0.733333
378.940568 0.733704
378.940568 0.731207
378.940568 0.733138
378.940568 0.732725
378.940568 0.733951
378.940568 0.735972
378.940568 0.734740
378.940568 0.736110
378.940568 0.745594
378.940568 0.747398
378.940568 0.747128
378.940568 0.731534
378.940568 0.746819
378.940568 0.748131
378.940568 0.750545
378.940568 0.749897
378.940568 0.750272
378.940568 0.749730
378.940568 0.748676
378.940568 0.751000
378.940568 0.749330
378.940568 0.751556
378.940568 0.753760
378.940568 0.751191
378.940568 0.753975
