8438.819458 2.641807
8438.819458 2.644149
8438.819458 2.646697
8438.819458 2.638663
8438.819458 2.643775
8438.819458 2.653331
8438.819458 2.641040
8438.819458 2.646993
8438.819458 2.641515
8438.819458 2.630987
8438.819458 2.640590
8438.819458 2.650459
8438.819458 2.643619
8438.819458 2.643431
8438.819458 2.644750
8438.819458 2.645901
8438.819458 2.644403
8438.819458 2.641310
8438.819458 2.641155
8438.819458 2.649169
8438.819458 2.643976
8438.819458 2.650909
8438.819458 2.644814
8438.819458 2.644965
8438.819458 2.652133
8438.819458 2.650688
8438.819458 2.657474
8438.819458 2.649910
8438.819458 2.659396
8438.819458 2.647069
8438.819458 2.652058
8438.819458 2.652800
8438.819458 2.654620
8438.819458 2.652838
8438.819458 2.655206
8438.819458 2.643839
8438.819458 2.660586
8438.819458 2.653548
8438.819458 2.653363
8438.819458 2.663623
8438.819458 2.671556
8438.819458 2.666024
8438.819458 2.674981
8438.819458 2.673910
8438.819458 2.659936
8438.819458 2.671092
8438.819458 2.673469
8438.819458 2.674955
