35662.487465 12.769205
35662.487465 12.769303
35662.487465 12.764429
35662.487465 12.782044
35662.487465 12.780850
35662.487465 12.777944
35662.487465 12.784568
35662.487465 12.789693
35662.487465 12.855665
35662.487465 12.858408
35662.487465 12.859078
35662.487465 12.857498
35662.487465 12.861818
35662.487465 12.867888
35662.487465 12.866445
35662.487465 12.868193
35662.487465 12.871769
35662.487465 12.874466
35662.487465 12.874571
35662.487465 12.882400
35662.487465 12.870146
35662.487465 12.884562
35662.487465 12.898896
35662.487465 12.934603
35662.487465 12.957612
35662.487465 12.956184
35662.487465 12.954688
35662.487465 12.963708
35662.487465 12.972708
35662.487465 12.976563
35662.487465 12.995307
35662.487465 13.025215
