28760.438336 7.495185
28760.438336 9.313492
28760.438336 9.312793
28760.438336 9.335332
28760.438336 9.336474
28760.438336 9.421755
28760.438336 9.422495
28760.438336 9.450092
28760.438336 9.429430
28760.438336 9.908895
28760.438336 9.942577
28760.438336 9.954230
28760.438336 9.959163
28760.438336 9.979750
28760.438336 9.977337
28760.438336 9.914782
28760.438336 9.982064
28760.438336 9.988349
28760.438336 10.050984
28760.438336 10.050595
28760.438336 10.056402
28760.438336 10.074855
28760.438336 10.076679
28760.438336 10.072663
28760.438336 10.073214
28760.438336 10.089754
28760.438336 10.107695
28760.438336 10.104062
28760.438336 10.120511
28760.438336 10.006123
28760.438336 10.126723
28760.438336 10.131611
28760.438336 10.127347
28760.438336 10.087214
28760.438336 10.143682
28760.438336 10.059468
28760.438336 10.141071
28760.438336 10.148809
28760.438336 10.166720
28760.438336 10.165046
28760.438336 9.914666
28760.438336 10.183310
28760.438336 10.120043
28760.438336 10.188497
28760.438336 10.187130
28760.438336 10.000594
28760.438336 10.097798
28540.390901 6.531386
28540.390901 6.541273
28540.390901 6.541146
