6124.236762 10.887885
6124.236762 10.890726
6124.236762 10.887637
6124.236762 10.891896
6124.236762 10.899321
6124.236762 10.896146
6124.236762 10.896928
6124.236762 10.900917
6124.236762 10.901067
6124.236762 10.904477
6124.236762 10.907309
6124.236762 10.909309
6124.236762 10.908760
6124.236762 10.920047
6124.236762 10.950754
6124.236762 10.950981
6124.236762 10.952725
6124.236762 10.952299
6124.236762 10.948505
6124.236762 10.957114
6124.236762 10.959219
6124.236762 10.957771
6124.236762 10.958440
6124.236762 10.962145
6124.236762 10.899709
6124.236762 10.964793
6124.236762 10.967909
6124.236762 10.969203
6124.236762 10.972250
6124.236762 10.974778
6124.236762 10.987038
6124.236762 11.003121
