7108.449499 20.625930
7108.449499 20.622048
7108.449499 20.640282
7108.449499 20.645699
7108.449499 20.648121
7108.449499 20.649936
7108.449499 20.656359
7108.449499 20.660427
7108.449499 20.660043
7108.449499 20.649049
7108.449499 20.668474
7108.449499 20.676661
7108.449499 20.721879
7108.449499 20.759244
7108.449499 20.782843
7108.449499 20.780197
7108.449499 20.782149
7108.449499 20.782832
7108.449499 20.784121
7108.449499 20.790386
7108.449499 20.672945
7108.449499 20.791429
7108.449499 20.799081
7108.449499 20.797194
7108.449499 20.802369
7108.449499 20.801529
7108.449499 20.811058
7108.449499 20.866229
7108.449499 20.865804
7108.449499 20.888923
7108.449499 20.934741
7108.449499 21.045975
