8715.806024 8.438082
8715.806024 9.794106
8715.806024 10.111977
8715.806024 10.285940
8715.806024 10.286276
8715.806024 10.256032
8715.806024 10.478509
8715.806024 10.268055
8715.806024 10.700105
8715.806024 10.894509
8715.806024 10.899760
8715.806024 10.895912
8715.806024 10.899875
8715.806024 10.913698
8715.806024 10.927598
8715.806024 10.944975
8715.806024 10.904729
8715.806024 10.961042
8715.806024 10.845782
8715.806024 10.963076
8715.806024 10.969547
8715.806024 10.970821
8715.806024 10.988518
8715.806024 10.991081
8715.806024 10.984751
8715.806024 10.989769
8715.806024 11.000170
8715.806024 11.000082
8715.806024 10.940554
8715.806024 11.008828
8715.806024 11.014831
8715.806024 11.032775
8715.806024 10.950865
8715.806024 10.995919
8715.806024 11.076731
8715.806024 11.075473
8715.806024 11.075798
8715.806024 11.092840
8715.806024 11.091208
8715.806024 11.103093
8715.806024 11.101086
8715.806024 11.122898
8715.806024 11.120076
8715.806024 11.107454
8715.806024 11.204474
8715.806024 10.976521
8715.806024 11.205882
8643.180529 7.245384
8643.180529 7.252084
8643.180529 7.253228
