931.624961 2.088428
931.624961 2.090070
931.624961 2.084511
931.624961 2.094685
931.624961 2.088637
931.624961 2.085111
931.624961 2.084335
931.624961 2.092905
931.624961 2.085867
931.624961 2.084580
931.624961 2.084782
931.624961 2.085593
931.624961 2.086694
931.624961 2.091788
931.624961 2.088004
931.624961 2.088086
931.624961 2.086625
931.624961 2.083156
931.624961 2.089520
931.624961 2.090182
931.624961 2.086599
931.624961 2.087702
931.624961 2.091662
931.624961 2.091441
931.624961 2.089646
931.624961 2.087644
931.624961 2.091148
931.624961 2.092336
931.624961 2.090585
931.624961 2.099363
931.624961 2.091023
931.624961 2.093829
931.624961 2.093438
931.624961 2.096166
931.624961 2.093089
931.624961 2.093266
931.624961 2.091129
931.624961 2.097234
931.624961 2.093616
931.624961 2.097821
931.624961 2.094713
931.624961 2.094824
931.624961 2.098029
931.624961 2.098137
931.624961 2.102163
931.624961 2.099936
931.624961 2.101768
931.624961 2.105330
