22386.611421 11.567585
22386.611421 11.562220
22386.611421 11.572115
22386.611421 11.574552
22386.611421 11.571900
22386.611421 11.571095
22386.611421 11.568198
22386.611421 11.566220
22386.611421 11.568935
22386.611421 11.570850
22386.611421 11.577072
22386.611421 11.582577
22386.611421 11.581232
22386.611421 11.576214
22386.611421 11.587028
22386.611421 11.586892
22386.611421 11.585332
22386.611421 11.582531
22386.611421 11.593155
22386.611421 11.582605
22386.611421 11.583630
22386.611421 11.591543
22386.611421 11.588392
22386.611421 11.597259
22386.611421 11.591302
22386.611421 11.594964
22386.611421 11.595593
22386.611421 11.590690
22386.611421 11.602738
22386.611421 11.596217
22386.611421 11.679495
22386.611421 11.702141
