2901.781600 3.448000
2901.781600 3.443591
2901.781600 3.448921
2901.781600 3.442453
2901.781600 3.448782
2901.781600 3.443535
2901.781600 3.448415
2901.781600 3.449555
2901.781600 3.443470
2901.781600 3.442622
2901.781600 3.445253
2901.781600 3.455874
2901.781600 3.455645
2901.781600 3.447236
2901.781600 3.453307
2901.781600 3.449951
2901.781600 3.445978
2901.781600 3.451660
2901.781600 3.451287
2901.781600 3.451788
2901.781600 3.460574
2901.781600 3.456356
2901.781600 3.460573
2901.781600 3.454481
2901.781600 3.464837
2901.781600 3.455328
2901.781600 3.457793
2901.781600 3.468367
2901.781600 3.462811
2901.781600 3.449050
2901.781600 3.474866
2901.781600 3.467774
