753.611915 1.084660
753.611915 1.084831
753.611915 1.085075
753.611915 1.087262
753.611915 1.095870
753.611915 1.092616
753.611915 1.566184
753.611915 1.622092
753.611915 1.620720
753.611915 1.645693
753.611915 1.690875
753.611915 1.694336
753.611915 1.690322
753.611915 1.694269
753.611915 1.759144
753.611915 1.858073
753.611915 1.868745
753.611915 1.904506
753.611915 1.913582
753.611915 1.914453
753.611915 1.912960
753.611915 1.916342
753.611915 1.926724
753.611915 1.937320
753.611915 1.869167
753.611915 1.939149
753.611915 1.938500
753.611915 1.947164
753.611915 1.944222
753.611915 1.948838
753.611915 1.950159
753.611915 1.956411
753.611915 1.966766
753.611915 1.911177
753.611915 1.981266
753.611915 1.981477
753.611915 1.988067
753.611915 1.988827
753.611915 1.999532
753.611915 2.008964
753.611915 1.957279
753.611915 2.027183
753.611915 2.037054
753.611915 2.047582
753.611915 2.061361
753.611915 2.062091
753.611915 2.019699
766.207466 0.871991
766.207466 0.926070
766.207466 0.950752
