1778.407903 1.090694
1778.407903 1.088815
1778.407903 1.086888
1778.407903 1.085801
1778.407903 1.086728
1778.407903 1.083995
1778.407903 1.086856
1778.407903 1.087669
1778.407903 1.085084
1778.407903 1.091325
1778.407903 1.083707
1778.407903 1.092461
1778.407903 1.083129
1778.407903 1.083350
1778.407903 1.081954
1778.407903 1.084723
1778.407903 1.083798
1778.407903 1.084656
1778.407903 1.086461
1778.407903 1.087134
1778.407903 1.084025
1778.407903 1.084260
1778.407903 1.084364
1778.407903 1.085322
1778.407903 1.086224
1778.407903 1.084731
1778.407903 1.086415
1778.407903 1.086895
1778.407903 1.090414
1778.407903 1.088251
1778.407903 1.086799
1778.407903 1.090406
1778.407903 1.086557
1778.407903 1.090144
1778.407903 1.091120
1778.407903 1.088286
1778.407903 1.087076
1778.407903 1.089220
1778.407903 1.092050
1778.407903 1.091185
1778.407903 1.094523
1778.407903 1.092465
1778.407903 1.093441
1778.407903 1.094828
1778.407903 1.092312
1778.407903 1.093924
1778.407903 1.093410
1778.407903 1.095308
