8639.106525 6.986073
8639.106525 6.986531
8639.106525 6.993281
8639.106525 6.995158
8639.106525 6.995936
8639.106525 6.992150
8639.106525 6.994632
8639.106525 6.995944
8639.106525 6.997228
8639.106525 6.992359
8639.106525 6.992753
8639.106525 7.003079
8639.106525 6.993744
8639.106525 6.998614
8639.106525 7.005394
8639.106525 6.998084
8639.106525 7.001371
8639.106525 7.002924
8639.106525 7.003925
8639.106525 7.006123
8639.106525 7.006227
8639.106525 7.018411
8639.106525 7.020321
8639.106525 7.015274
8639.106525 7.022313
8639.106525 7.021074
8639.106525 7.020644
8639.106525 7.027336
8639.106525 7.029438
8639.106525 7.030307
8639.106525 7.037337
8639.106525 7.044730
