54517.014811 8.868491
54517.014811 11.204729
54517.014811 11.213987
54517.014811 11.245638
54517.014811 11.246957
54517.014811 11.311116
54517.014811 11.311823
54517.014811 11.282190
54517.014811 11.346765
54517.014811 11.657091
54517.014811 11.708466
54517.014811 11.838811
54517.014811 11.876313
54517.014811 11.706384
54517.014811 11.890683
54517.014811 11.887953
54517.014811 11.890686
54517.014811 11.900974
54517.014811 11.902873
54517.014811 11.912767
54517.014811 11.866761
54517.014811 11.940918
54517.014811 11.938811
54517.014811 11.950589
54517.014811 11.950408
54517.014811 11.954801
54517.014811 11.973855
54517.014811 11.970151
54517.014811 11.975504
54517.014811 11.976987
54517.014811 11.926253
54517.014811 11.910768
54517.014811 11.998481
54517.014811 11.872264
54517.014811 12.023076
54517.014811 12.019180
54517.014811 12.025030
54517.014811 12.028790
54517.014811 11.989244
54517.014811 12.037367
54517.014811 12.045811
54517.014811 12.054983
54517.014811 11.916399
54517.014811 12.096309
54517.014811 12.093062
54517.014811 12.181438
54517.014811 12.215283
54327.657647 7.817483
54327.657647 7.828100
54327.657647 7.843116
