3569.331368 1.846375
3569.331368 1.846385
3569.331368 1.858341
3569.331368 1.848662
3569.331368 1.845632
3569.331368 1.845902
3569.331368 1.844995
3569.331368 1.846935
3569.331368 1.844514
3569.331368 1.846468
3569.331368 1.844622
3569.331368 1.844758
3569.331368 1.842557
3569.331368 1.845900
3569.331368 1.845422
3569.331368 1.848940
3569.331368 1.847034
3569.331368 1.845870
3569.331368 1.850696
3569.331368 1.848678
3569.331368 1.863460
3569.331368 1.848436
3569.331368 1.846316
3569.331368 1.854051
3569.331368 1.849235
3569.331368 1.862464
3569.331368 1.853453
3569.331368 1.848904
3569.331368 1.852849
3569.331368 1.851684
3569.331368 1.849544
3569.331368 1.854908
3569.331368 1.858890
3569.331368 1.851980
3569.331368 1.851372
3569.331368 1.857219
3569.331368 1.856219
3569.331368 1.857322
3569.331368 1.854785
3569.331368 1.858926
3569.331368 1.854940
3569.331368 1.855523
3569.331368 1.866348
3569.331368 1.858709
3569.331368 1.856589
3569.331368 1.859565
3569.331368 1.858349
3569.331368 1.864444
