45245.923527 17.555586
45245.923527 17.556566
45245.923527 17.567873
45245.923527 17.569953
45245.923527 17.577788
45245.923527 17.583047
45245.923527 17.580662
45245.923527 17.580360
45245.923527 17.589939
45245.923527 17.584624
45245.923527 17.596996
45245.923527 17.599457
45245.923527 17.603445
45245.923527 17.615281
45245.923527 17.622890
45245.923527 17.694422
45245.923527 17.697687
45245.923527 17.702565
45245.923527 17.707720
45245.923527 17.707293
45245.923527 17.708250
45245.923527 17.713599
45245.923527 17.716745
45245.923527 17.720310
45245.923527 17.729204
45245.923527 17.728481
45245.923527 17.729520
45245.923527 17.732983
45245.923527 17.739086
45245.923527 17.749682
45245.923527 17.769302
45245.923527 17.780576
