30629.404673 6.395246
30629.404673 7.665695
30629.404673 7.664532
30629.404673 7.709521
30629.404673 7.710504
30629.404673 7.772546
30629.404673 7.796236
30629.404673 7.797988
30629.404673 7.986874
30629.404673 8.091813
30629.404673 8.208643
30629.404673 8.245557
30629.404673 8.254661
30629.404673 8.276149
30629.404673 8.321957
30629.404673 8.315698
30629.404673 8.321160
30629.404673 8.231540
30629.404673 8.352836
30629.404673 8.350349
30629.404673 8.187622
30629.404673 8.361430
30629.404673 8.352572
30629.404673 8.358700
30629.404673 8.361572
30629.404673 8.372483
30629.404673 8.371466
30629.404673 8.366756
30629.404673 8.367317
30629.404673 8.386229
30629.404673 8.384677
30629.404673 8.390573
30629.404673 8.188546
30629.404673 8.190327
30629.404673 8.411448
30629.404673 8.411205
30629.404673 8.413805
30629.404673 8.421628
30629.404673 8.428323
30629.404673 8.426060
30629.404673 8.456799
30629.404673 8.464755
30629.404673 8.468788
30629.404673 8.515346
30629.404673 8.512539
30629.404673 8.348470
30629.404673 8.342332
30796.152127 5.320190
30796.152127 5.328460
30796.152127 5.341090
