17446.871176 23.019595
17446.871176 23.025540
17446.871176 23.024130
17446.871176 23.019539
17446.871176 23.030496
17446.871176 23.025673
17446.871176 23.024843
17446.871176 23.032539
17446.871176 23.022610
17446.871176 23.029076
17446.871176 23.025902
17446.871176 23.029546
17446.871176 23.040541
17446.871176 23.043821
17446.871176 23.039887
17446.871176 23.034329
17446.871176 23.042341
17446.871176 23.046791
17446.871176 23.042269
17446.871176 23.049600
17446.871176 23.042121
17446.871176 23.039220
17446.871176 23.044028
17446.871176 23.048100
17446.871176 23.051169
17446.871176 23.054176
17446.871176 23.072851
17446.871176 23.067340
17446.871176 23.102591
17446.871176 23.125995
17446.871176 23.132955
17446.871176 23.133294
