11928.829132 4.455785
11928.829132 4.877138
11928.829132 4.882724
11928.829132 4.884986
11928.829132 4.883973
11928.829132 4.889142
11928.829132 4.893276
11928.829132 5.549028
11928.829132 5.549005
11928.829132 5.601962
11928.829132 5.598752
11928.829132 5.611422
11928.829132 5.621935
11928.829132 5.656833
11928.829132 5.638170
11928.829132 5.664019
11928.829132 5.610134
11928.829132 5.713375
11928.829132 5.711178
11928.829132 5.725901
11928.829132 5.680213
11928.829132 5.731815
11928.829132 5.656600
11928.829132 5.746304
11928.829132 5.745568
11928.829132 5.752599
11928.829132 5.754485
11928.829132 5.756466
11928.829132 5.758346
11928.829132 5.758866
11928.829132 5.760667
11928.829132 5.761917
11928.829132 5.758925
11928.829132 5.769983
11928.829132 5.686217
11928.829132 5.780972
11928.829132 5.789072
11928.829132 5.805680
11928.829132 5.616522
11928.829132 5.774068
11928.829132 5.817266
11928.829132 5.856257
11928.829132 5.856723
11928.829132 5.798150
11928.829132 5.738942
11928.829132 5.881979
11928.829132 5.884565
12051.863357 3.471911
12051.863357 3.480023
12051.863357 3.487970
