14773.626763 15.290023
14773.626763 15.291975
14773.626763 15.288264
14773.626763 15.293623
14773.626763 15.296543
14773.626763 15.297243
14773.626763 15.291483
14773.626763 15.292899
14773.626763 15.292735
14773.626763 15.303560
14773.626763 15.294654
14773.626763 15.310128
14773.626763 15.309787
14773.626763 15.307776
14773.626763 15.301315
14773.626763 15.311466
14773.626763 15.304070
14773.626763 15.306104
14773.626763 15.308459
14773.626763 15.316887
14773.626763 15.310167
14773.626763 15.321036
14773.626763 15.309856
14773.626763 15.320168
14773.626763 15.334230
14773.626763 15.336117
14773.626763 15.333238
14773.626763 15.334820
14773.626763 15.348394
14773.626763 15.348426
14773.626763 15.359004
14773.626763 15.363052
