21803.188939 13.044670
21803.188939 13.054981
21803.188939 13.052546
21803.188939 13.053556
21803.188939 13.061339
21803.188939 13.062730
21803.188939 13.064888
21803.188939 13.068841
21803.188939 13.069431
21803.188939 13.069682
21803.188939 13.075263
21803.188939 13.082148
21803.188939 13.085211
21803.188939 13.109062
21803.188939 13.109898
21803.188939 13.143560
21803.188939 13.144408
21803.188939 13.145746
21803.188939 13.151946
21803.188939 13.151700
21803.188939 13.155816
21803.188939 13.159038
21803.188939 13.160917
21803.188939 13.161682
21803.188939 13.081476
21803.188939 13.171483
21803.188939 13.181982
21803.188939 13.185388
21803.188939 13.186721
21803.188939 13.189650
21803.188939 13.200834
21803.188939 13.211383
