22721.002117 18.872214
22721.002117 18.883566
22721.002117 18.884601
22721.002117 18.886254
22721.002117 18.887291
22721.002117 18.893729
22721.002117 18.893578
22721.002117 18.925122
22721.002117 19.018344
22721.002117 19.021388
22721.002117 19.027402
22721.002117 19.025674
22721.002117 19.027525
22721.002117 19.026530
22721.002117 19.038926
22721.002117 19.063170
22721.002117 19.170096
22721.002117 19.189198
22721.002117 19.190624
22721.002117 19.207411
22721.002117 19.213425
22721.002117 19.217878
22721.002117 19.221127
22721.002117 19.218631
22721.002117 19.315027
22721.002117 19.329466
22721.002117 19.332523
22721.002117 19.344969
22721.002117 19.354432
22721.002117 19.354441
22721.002117 19.356515
22721.002117 19.365999
