5427.092894 3.975972
5427.092894 3.969319
5427.092894 3.965627
5427.092894 3.981117
5427.092894 3.970038
5427.092894 3.966293
5427.092894 3.968746
5427.092894 3.968747
5427.092894 3.967091
5427.092894 3.967848
5427.092894 3.973737
5427.092894 3.967843
5427.092894 3.970085
5427.092894 3.970940
5427.092894 3.995890
5427.092894 3.990301
5427.092894 3.972948
5427.092894 3.977648
5427.092894 3.992277
5427.092894 3.973658
5427.092894 3.977766
5427.092894 3.973138
5427.092894 3.964394
5427.092894 3.985435
5427.092894 3.983787
5427.092894 3.984580
5427.092894 3.988304
5427.092894 3.986127
5427.092894 3.985360
5427.092894 3.984085
5427.092894 3.984625
5427.092894 3.992251
5427.092894 3.988995
5427.092894 3.970045
5427.092894 3.990835
5427.092894 3.987607
5427.092894 3.997580
5427.092894 3.989650
5427.092894 3.987698
5427.092894 3.996173
5427.092894 3.976973
5427.092894 4.000125
5427.092894 3.997040
5427.092894 3.984902
5427.092894 3.990041
5427.092894 3.994473
5427.092894 4.240997
5427.092894 4.231849
