247.626065 0.412013
247.626065 0.413099
247.626065 0.409483
247.626065 0.410413
247.626065 0.409002
247.626065 0.412935
247.626065 0.410531
247.626065 0.409022
247.626065 0.407985
247.626065 0.411913
247.626065 0.410692
247.626065 0.410928
247.626065 0.410746
247.626065 0.411352
247.626065 0.410223
247.626065 0.410910
247.626065 0.409637
247.626065 0.413054
247.626065 0.410673
247.626065 0.411387
247.626065 0.411598
247.626065 0.412028
247.626065 0.411052
247.626065 0.410377
247.626065 0.412071
247.626065 0.410278
247.626065 0.407184
247.626065 0.413133
247.626065 0.410630
247.626065 0.410807
247.626065 0.412196
247.626065 0.411142
247.626065 0.410591
247.626065 0.410244
247.626065 0.409858
247.626065 0.409550
247.626065 0.412343
247.626065 0.410360
247.626065 0.411296
247.626065 0.413375
247.626065 0.410782
247.626065 0.411449
247.626065 0.412292
247.626065 0.413727
247.626065 0.411430
247.626065 0.414373
247.626065 0.411283
247.626065 0.414970
