1649.749955 10.731743
1649.749955 10.736495
1649.749955 10.736052
1649.749955 10.739840
1649.749955 10.740112
1649.749955 10.742163
1649.749955 10.743925
1649.749955 10.745037
1649.749955 10.740826
1649.749955 10.745982
1649.749955 10.755129
1649.749955 10.754025
1649.749955 10.756745
1649.749955 10.761257
1649.749955 10.790700
1649.749955 10.792134
1649.749955 10.792081
1649.749955 10.788396
1649.749955 10.798672
1649.749955 10.798313
1649.749955 10.800257
1649.749955 10.795547
1649.749955 10.799892
1649.749955 10.801646
1649.749955 10.810571
1649.749955 10.808484
1649.749955 10.812091
1649.749955 10.830010
1649.749955 10.831311
1649.749955 10.773721
1649.749955 11.046153
1649.749955 11.091708
