364.768976 0.389063
364.768976 0.389338
364.768976 0.389333
364.768976 0.407727
364.768976 0.404682
364.768976 0.387425
364.768976 0.553763
364.768976 0.566289
364.768976 0.566725
364.768976 0.595518
364.768976 0.600946
364.768976 0.599316
364.768976 0.649347
364.768976 0.660252
364.768976 0.665712
364.768976 0.690808
364.768976 0.720166
364.768976 0.734704
364.768976 0.743951
364.768976 0.762355
364.768976 0.771881
364.768976 0.776569
364.768976 0.767950
364.768976 0.774863
364.768976 0.779412
364.768976 0.774808
364.768976 0.785102
364.768976 0.788305
364.768976 0.790935
364.768976 0.788740
364.768976 0.788907
364.768976 0.791971
364.768976 0.800679
364.768976 0.800073
364.768976 0.799256
364.768976 0.804539
364.768976 0.803128
364.768976 0.797473
364.768976 0.801714
364.768976 0.798297
364.768976 0.799561
364.768976 0.804020
364.768976 0.804810
364.768976 0.803162
364.768976 0.799130
364.768976 0.818448
364.768976 0.789840
368.150493 0.538205
368.150493 0.540042
368.150493 0.542123
