1469.336233 1.943755
1469.336233 1.944353
1469.336233 1.945087
1469.336233 1.944904
1469.336233 1.945345
1469.336233 1.950420
1469.336233 1.950844
1469.336233 1.952225
1469.336233 1.951512
1469.336233 1.951695
1469.336233 1.953742
1469.336233 1.959716
1469.336233 1.956940
1469.336233 1.961312
1469.336233 1.960336
1469.336233 1.960831
1469.336233 1.957473
1469.336233 1.959000
1469.336233 1.964647
1469.336233 1.963289
1469.336233 1.967708
1469.336233 1.968838
1469.336233 1.967168
1469.336233 1.967130
1469.336233 1.960432
1469.336233 1.969950
1469.336233 1.968699
1469.336233 1.971765
1469.336233 1.985061
1469.336233 1.986893
1469.336233 1.991604
1469.336233 1.992268
