11333.950199 3.645804
11333.950199 3.634558
11333.950199 3.653303
11333.950199 3.659987
11333.950199 3.672787
11333.950199 3.674068
11333.950199 3.614998
11333.950199 4.266239
11333.950199 4.341420
11333.950199 4.346282
11333.950199 4.357266
11333.950199 4.361618
11333.950199 4.361594
11333.950199 4.372626
11333.950199 4.374823
11333.950199 4.327695
11333.950199 4.375371
11333.950199 4.379085
11333.950199 4.388761
11333.950199 4.427409
11333.950199 4.409624
11333.950199 4.453301
11333.950199 4.451133
11333.950199 4.476034
11333.950199 4.434414
11333.950199 4.475550
11333.950199 4.501041
11333.950199 4.516675
11333.950199 4.439785
11333.950199 4.461698
11333.950199 4.519478
11333.950199 4.529310
11333.950199 4.529315
11333.950199 4.526428
11333.950199 4.527965
11333.950199 4.360017
11333.950199 4.534435
11333.950199 4.409793
11333.950199 4.555119
11333.950199 4.556518
11333.950199 4.572634
11333.950199 4.572404
11333.950199 4.572251
11333.950199 4.617683
11333.950199 4.621751
11333.950199 4.616311
11333.950199 4.618861
10672.495927 2.564123
10672.495927 2.568844
10672.495927 2.569746
