16329.004874 5.415279
16329.004874 6.210755
16329.004874 6.210691
16329.004874 6.271660
16329.004874 6.244409
16329.004874 6.264695
16329.004874 6.248327
16329.004874 6.687372
16329.004874 6.749430
16329.004874 6.919551
16329.004874 6.958756
16329.004874 6.957508
16329.004874 6.965655
16329.004874 6.980992
16329.004874 7.000284
16329.004874 6.853135
16329.004874 6.959312
16329.004874 7.009864
16329.004874 7.029654
16329.004874 7.054804
16329.004874 7.065758
16329.004874 7.067706
16329.004874 7.064625
16329.004874 7.071829
16329.004874 7.069297
16329.004874 7.071613
16329.004874 7.065614
16329.004874 7.075675
16329.004874 7.072660
16329.004874 7.042523
16329.004874 7.115811
16329.004874 7.115788
16329.004874 7.132074
16329.004874 7.131345
16329.004874 7.132045
16329.004874 7.132675
16329.004874 7.136111
16329.004874 7.137967
16329.004874 7.142873
16329.004874 7.050598
16329.004874 7.140616
16329.004874 7.161991
16329.004874 7.055691
16329.004874 7.176283
16329.004874 7.174500
16329.004874 7.233674
16329.004874 7.239083
16557.232495 4.439204
16557.232495 4.448030
16557.232495 4.451637
