26399.715087 11.658987
26399.715087 11.660720
26399.715087 11.657978
26399.715087 11.658733
26399.715087 11.660361
26399.715087 11.663573
26399.715087 11.671252
26399.715087 11.671396
26399.715087 11.677466
26399.715087 11.675944
26399.715087 11.675864
26399.715087 11.674379
26399.715087 11.675046
26399.715087 11.678380
26399.715087 11.681043
26399.715087 11.677392
26399.715087 11.685609
26399.715087 11.683748
26399.715087 11.680224
26399.715087 11.683062
26399.715087 11.685015
26399.715087 11.689244
26399.715087 11.695115
26399.715087 11.691336
26399.715087 11.700120
26399.715087 11.702839
26399.715087 11.704063
26399.715087 11.709782
26399.715087 11.705871
26399.715087 11.715920
26399.715087 12.112256
26399.715087 12.111156
