5422.072770 5.918088
5422.072770 6.796143
5422.072770 6.798272
5422.072770 6.809219
5422.072770 6.813170
5422.072770 6.865680
5422.072770 6.865492
5422.072770 7.255292
5422.072770 7.288805
5422.072770 7.496847
5422.072770 7.542297
5422.072770 7.551264
5422.072770 7.549849
5422.072770 7.548122
5422.072770 7.560142
5422.072770 7.474305
5422.072770 7.561960
5422.072770 7.564386
5422.072770 7.652046
5422.072770 7.660446
5422.072770 7.661167
5422.072770 7.667096
5422.072770 7.676670
5422.072770 7.685537
5422.072770 7.679480
5422.072770 7.687605
5422.072770 7.691516
5422.072770 7.661124
5422.072770 7.699453
5422.072770 7.700952
5422.072770 7.625793
5422.072770 7.622825
5422.072770 7.702600
5422.072770 7.702919
5422.072770 7.703476
5422.072770 7.589729
5422.072770 7.720314
5422.072770 7.713439
5422.072770 7.722026
5422.072770 7.719235
5422.072770 7.731053
5422.072770 7.734695
5422.072770 7.744923
5422.072770 7.751330
5422.072770 7.760727
5422.072770 7.803078
5422.072770 7.805187
5462.002569 4.903832
5462.002569 4.915410
5462.002569 4.929970
