42050.755918 7.526251
42050.755918 9.352306
42050.755918 9.347626
42050.755918 9.350659
42050.755918 9.357910
42050.755918 9.448658
42050.755918 9.458869
42050.755918 9.378342
42050.755918 9.452702
42050.755918 9.927280
42050.755918 9.936638
42050.755918 9.972394
42050.755918 9.980638
42050.755918 9.977888
42050.755918 9.986936
42050.755918 9.986991
42050.755918 10.000326
42050.755918 9.998692
42050.755918 10.000148
42050.755918 9.780626
42050.755918 10.034758
42050.755918 10.036778
42050.755918 10.044486
42050.755918 10.044628
42050.755918 10.044837
42050.755918 10.038957
42050.755918 10.053058
42050.755918 10.050388
42050.755918 10.017585
42050.755918 10.100028
42050.755918 10.003177
42050.755918 10.105266
42050.755918 10.112758
42050.755918 10.111977
42050.755918 10.111424
42050.755918 10.113274
42050.755918 10.113956
42050.755918 9.935087
42050.755918 10.138958
42050.755918 10.152433
42050.755918 10.086045
42050.755918 10.158173
42050.755918 10.156120
42050.755918 10.154724
42050.755918 10.042514
42050.755918 10.194913
42050.755918 10.196623
44226.655337 6.577409
44226.655337 6.578284
44226.655337 6.583830
