388.445977 1.991484
388.445977 1.993411
388.445977 1.994117
388.445977 1.992112
388.445977 1.994901
388.445977 1.996450
388.445977 1.997947
388.445977 1.999942
388.445977 1.999634
388.445977 2.000083
388.445977 2.001358
388.445977 2.000437
388.445977 2.008415
388.445977 2.008228
388.445977 2.007437
388.445977 2.009667
388.445977 2.013481
388.445977 2.010480
388.445977 2.014286
388.445977 2.014853
388.445977 2.014232
388.445977 2.020075
388.445977 2.018052
388.445977 2.015835
388.445977 2.014330
388.445977 2.017390
388.445977 2.021259
388.445977 2.018635
388.445977 2.027324
388.445977 2.005624
388.445977 2.024371
388.445977 2.034440
