3336.166647 4.839166
3336.166647 4.835779
3336.166647 4.836020
3336.166647 4.844092
3336.166647 4.842008
3336.166647 4.844896
3336.166647 4.848811
3336.166647 4.865465
3336.166647 4.867633
3336.166647 4.864118
3336.166647 4.870642
3336.166647 4.871002
3336.166647 4.869472
3336.166647 4.871035
3336.166647 4.869616
3336.166647 4.870173
3336.166647 4.873641
3336.166647 4.877263
3336.166647 4.878727
3336.166647 4.883413
3336.166647 4.883242
3336.166647 4.895410
3336.166647 4.896463
3336.166647 4.898222
3336.166647 4.898894
3336.166647 4.904511
3336.166647 4.902411
3336.166647 4.904363
3336.166647 4.880253
3336.166647 4.909568
3336.166647 4.913823
3336.166647 4.927885
