36801.513680 9.376416
36801.513680 9.390761
36801.513680 9.387810
36801.513680 9.373461
36801.513680 9.380994
36801.513680 9.408112
36801.513680 9.381879
36801.513680 9.383277
36801.513680 9.386796
36801.513680 9.380175
36801.513680 9.380938
36801.513680 9.392359
36801.513680 9.400795
36801.513680 9.399410
36801.513680 9.404653
36801.513680 9.388590
36801.513680 9.416219
36801.513680 9.413002
36801.513680 9.461680
36801.513680 9.459686
36801.513680 9.433734
36801.513680 9.425368
36801.513680 9.862498
36801.513680 9.852411
36801.513680 9.862740
36801.513680 9.866127
36801.513680 9.821034
36801.513680 9.817839
36801.513680 9.874456
36801.513680 9.861839
36801.513680 9.875619
36801.513680 9.871493
36801.513680 9.896364
36801.513680 9.885519
36801.513680 9.887344
36801.513680 9.895064
36801.513680 9.882224
36801.513680 9.884585
36801.513680 9.873148
36801.513680 9.880872
36801.513680 9.889306
36801.513680 9.884336
36801.513680 9.926826
36801.513680 9.923205
36801.513680 9.944422
36801.513680 9.937259
36801.513680 9.963404
36801.513680 9.955525
