1885.707195 1.979834
1885.707195 1.983349
1885.707195 1.981184
1885.707195 1.981502
1885.707195 1.980948
1885.707195 1.997596
1885.707195 1.984063
1885.707195 1.977608
1885.707195 1.989189
1885.707195 1.983705
1885.707195 1.976273
1885.707195 1.980987
1885.707195 1.977287
1885.707195 1.978986
1885.707195 1.990332
1885.707195 1.983527
1885.707195 1.983630
1885.707195 1.984616
1885.707195 1.985823
1885.707195 1.986999
1885.707195 1.982268
1885.707195 1.979375
1885.707195 1.986460
1885.707195 1.985008
1885.707195 1.979210
1885.707195 1.984084
1885.707195 1.988463
1885.707195 1.990606
1885.707195 1.984345
1885.707195 1.989274
1885.707195 1.985627
1885.707195 1.989359
1885.707195 1.986860
1885.707195 1.984098
1885.707195 1.984546
1885.707195 1.987794
1885.707195 1.989619
1885.707195 1.986871
1885.707195 1.997859
1885.707195 1.987773
1885.707195 1.992708
1885.707195 1.991940
1885.707195 1.997441
1885.707195 1.997656
1885.707195 2.000843
1885.707195 1.996803
1885.707195 2.008190
1885.707195 2.005866
