80.334974 1.281180
80.334974 1.281520
80.334974 1.281606
80.334974 1.284231
80.334974 1.283063
80.334974 1.286716
80.334974 1.283769
80.334974 1.283317
80.334974 1.286212
80.334974 1.287616
80.334974 1.287789
80.334974 1.286013
80.334974 1.288676
80.334974 1.290245
80.334974 1.292237
80.334974 1.284823
80.334974 1.359067
80.334974 1.360913
80.334974 1.359904
80.334974 1.362485
80.334974 1.359452
80.334974 1.361248
80.334974 1.361739
80.334974 1.363285
80.334974 1.363278
80.334974 1.362281
80.334974 1.363060
80.334974 1.365174
80.334974 1.365227
80.334974 1.359935
80.334974 1.381739
80.334974 1.382838
