16454.963956 4.339173
16454.963956 4.799681
16454.963956 4.798752
16454.963956 4.813086
16454.963956 4.818649
16454.963956 4.823828
16454.963956 4.838606
16454.963956 5.498467
16454.963956 5.620104
16454.963956 5.654970
16454.963956 5.490327
16454.963956 5.689584
16454.963956 5.630406
16454.963956 5.619743
16454.963956 5.565001
16454.963956 5.668756
16454.963956 5.645245
16454.963956 5.659702
16454.963956 5.610532
16454.963956 5.746805
16454.963956 5.603891
16454.963956 5.756282
16454.963956 5.557564
16454.963956 5.646257
16454.963956 5.752932
16454.963956 5.573906
16454.963956 5.671932
16454.963956 5.748088
16454.963956 5.736573
16454.963956 5.704467
16454.963956 5.691493
16454.963956 5.762666
16454.963956 5.551046
16454.963956 5.573633
16454.963956 5.679170
16454.963956 5.584498
16454.963956 5.694975
16454.963956 5.745030
16454.963956 5.731686
16454.963956 5.750593
16454.963956 5.760682
16454.963956 5.693738
16454.963956 5.752186
16454.963956 5.751128
16454.963956 5.736466
16454.963956 5.784539
16454.963956 5.780041
16269.409593 4.863204
16269.409593 4.860250
16269.409593 4.863783
16269.409593 4.862274
16269.409593 4.864291
16269.409593 4.858282
16269.409593 4.873750
16269.409593 4.859699
16269.409593 4.864108
16269.409593 4.864188
16269.409593 4.869914
16269.409593 4.862701
16269.409593 4.865544
16269.409593 4.874604
16269.409593 4.876762
16269.409593 4.882309
16269.409593 4.885586
16269.409593 4.907537
16269.409593 4.874419
16269.409593 4.875079
16269.409593 4.877539
16269.409593 4.885515
16269.409593 4.924292
16269.409593 4.902186
16269.409593 4.879422
16269.409593 4.919230
16269.409593 4.919036
16269.409593 4.914581
16269.409593 4.920691
16269.409593 4.898929
16269.409593 4.902039
16269.409593 4.895920
16269.409593 4.918557
16269.409593 4.914224
16269.409593 4.924658
16269.409593 4.938123
16269.409593 4.924384
16269.409593 4.933319
16269.409593 4.939066
16269.409593 4.934480
16269.409593 4.976856
16269.409593 4.974008
16269.409593 5.291431
16269.409593 5.280326
16269.409593 5.309098
16269.409593 5.305071
16269.409593 5.561310
16269.409593 5.559544
