4860.328887 1.796408
4860.328887 1.796087
4860.328887 1.791746
4860.328887 1.796275
4860.328887 1.791149
4860.328887 1.798497
4860.328887 1.788717
4860.328887 1.789804
4860.328887 1.797863
4860.328887 1.792456
4860.328887 1.796490
4860.328887 1.795422
4860.328887 1.792313
4860.328887 1.794085
4860.328887 1.794416
4860.328887 1.790605
4860.328887 1.791495
4860.328887 1.792529
4860.328887 1.792115
4860.328887 1.792277
4860.328887 1.795450
4860.328887 1.796660
4860.328887 1.795875
4860.328887 1.797127
4860.328887 1.794381
4860.328887 1.795209
4860.328887 1.793523
4860.328887 1.793362
4860.328887 1.798174
4860.328887 1.796746
4860.328887 1.795244
4860.328887 1.795494
4860.328887 1.799392
4860.328887 1.796362
4860.328887 1.802740
4860.328887 1.803310
4860.328887 1.802248
4860.328887 1.803640
4860.328887 1.798362
4860.328887 1.798667
4860.328887 1.800744
4860.328887 1.803213
4860.328887 1.805038
4860.328887 1.812834
4860.328887 1.803995
4860.328887 1.809438
4860.328887 1.808691
4860.328887 1.807203
