4981.251152 2.793184
4981.251152 2.789606
4981.251152 2.787022
4981.251152 2.785271
4981.251152 2.785438
4981.251152 2.787174
4981.251152 2.786123
4981.251152 2.785530
4981.251152 2.785288
4981.251152 2.803949
4981.251152 2.785708
4981.251152 2.786194
4981.251152 2.788349
4981.251152 2.785536
4981.251152 2.784713
4981.251152 2.788760
4981.251152 2.788083
4981.251152 2.787956
4981.251152 2.789556
4981.251152 2.786378
4981.251152 2.788351
4981.251152 2.787888
4981.251152 2.784861
4981.251152 2.788628
4981.251152 2.789481
4981.251152 2.784059
4981.251152 2.793272
4981.251152 2.791114
4981.251152 2.792326
4981.251152 2.793345
4981.251152 2.792568
4962.661487 2.790402
4981.251152 2.789200
4981.251152 2.798261
4981.251152 2.791197
4981.251152 2.792282
4981.251152 2.798181
4981.251152 2.797409
4981.251152 2.798460
4981.251152 2.803536
4981.251152 2.798619
4981.251152 2.799134
4981.251152 2.802626
4981.251152 2.806809
4981.251152 2.807199
4981.251152 2.806988
4981.251152 2.804181
4981.251152 2.807065
