11758.102061 26.079165
11758.102061 26.088667
11758.102061 26.083140
11758.102061 26.099154
11758.102061 26.103436
11758.102061 26.101462
11758.102061 26.103846
11758.102061 26.098059
11758.102061 26.104764
11758.102061 26.097808
11758.102061 26.104002
11758.102061 26.101601
11758.102061 26.105045
11758.102061 26.109666
11758.102061 26.109278
11758.102061 26.121543
11758.102061 26.120448
11758.102061 26.121825
11758.102061 26.131301
11758.102061 26.136506
11758.102061 26.133090
11758.102061 26.141419
11758.102061 26.144989
11758.102061 26.145546
11758.102061 26.168086
11758.102061 26.175639
11758.102061 26.189225
11758.102061 26.180263
11758.102061 26.195285
11758.102061 26.184615
11758.102061 26.548984
11758.102061 26.543676
