popsize gamma Fitness
10 0.100000 3068.628870
10 0.300000 3022.410390
10 0.500000 2870.819373
10 0.700000 3068.448184
10 0.900000 2994.359075
10 1.100000 2984.609183
10 1.300000 3074.055453
10 1.500000 3084.704360
10 1.700000 2826.999316
10 1.900000 2958.867280
10 2.100000 2842.822233
10 2.300000 3058.680704
10 2.500000 3021.003914
10 2.700000 2898.207542
10 2.900000 2699.439901
10 3.100000 2868.780199
10 3.300000 2846.731244
10 3.500000 2973.421158
10 3.700000 3068.628870
10 3.900000 2890.475194
10 4.100000 3068.628870
10 4.300000 3072.934422
10 4.500000 2891.116460
10 4.700000 2953.436301
10 4.900000 3055.594428
20 0.100000 3098.997204
20 0.300000 2861.969008
20 0.500000 2890.480615
20 0.700000 2868.002818
20 0.900000 2715.135896
20 1.100000 2871.265487
20 1.300000 2843.938582
20 1.500000 2822.793551
20 1.700000 2838.203883
20 1.900000 3003.352097
20 2.100000 2873.429400
20 2.300000 2788.049469
20 2.500000 2931.516371
20 2.700000 2848.694684
20 2.900000 2884.062417
20 3.100000 2899.002036
20 3.300000 3015.757561
20 3.500000 2908.583624
20 3.700000 2868.002818
20 3.900000 2868.002818
20 4.100000 2997.664327
20 4.300000 2674.768828
20 4.500000 2922.283621
20 4.700000 2863.907671
20 4.900000 2958.703724
30 0.100000 2792.696526
30 0.300000 2669.922427
30 0.500000 2813.637482
30 0.700000 2854.311996
30 0.900000 2710.933593
30 1.100000 2868.002818
30 1.300000 2888.530717
30 1.500000 2881.394522
30 1.700000 2736.081913
30 1.900000 2872.470049
30 2.100000 2788.697284
30 2.300000 2755.053406
30 2.500000 2724.866424
30 2.700000 2609.275833
30 2.900000 2674.453962
30 3.100000 2938.680378
30 3.300000 2854.311996
30 3.500000 2904.255374
30 3.700000 2917.638792
30 3.900000 2699.582972
30 4.100000 2726.190172
30 4.300000 2879.005372
30 4.500000 2731.819995
30 4.700000 2760.009486
30 4.900000 2785.440832
40 0.100000 2868.002818
40 0.300000 2575.151151
40 0.500000 2624.374753
40 0.700000 2702.710146
40 0.900000 2868.002818
40 1.100000 2868.002818
40 1.300000 2874.820214
40 1.500000 2839.011278
40 1.700000 2868.002818
40 1.900000 2810.822588
40 2.100000 2791.643178
40 2.300000 2861.838567
40 2.500000 2778.114658
40 2.700000 2941.289902
40 2.900000 2863.555498
40 3.100000 2697.053590
40 3.300000 2780.674048
40 3.500000 2810.485035
40 3.700000 2515.305960
40 3.900000 2868.002818
40 4.100000 2785.440832
40 4.300000 2868.002818
40 4.500000 2724.085260
40 4.700000 2874.820214
40 4.900000 2774.817101
50 0.100000 2871.265487
50 0.300000 2801.855954
50 0.500000 2667.391221
50 0.700000 2839.011635
50 0.900000 2758.407423
50 1.100000 2848.214072
50 1.300000 2738.836980
50 1.500000 2685.317618
50 1.700000 2780.674048
50 1.900000 2725.369193
50 2.100000 2799.526235
50 2.300000 2480.727442
50 2.500000 2871.367525
50 2.700000 2778.928051
50 2.900000 2846.471391
50 3.100000 2785.440832
50 3.300000 2861.838567
50 3.500000 2823.755416
50 3.700000 2720.369855
50 3.900000 2670.307028
50 4.100000 2868.620032
50 4.300000 2756.455010
50 4.500000 2747.369729
50 4.700000 2630.445671
50 4.900000 2908.099389
60 0.100000 2617.302171
60 0.300000 2664.703339
60 0.500000 2895.589451
60 0.700000 2721.997643
60 0.900000 2827.019757
60 1.100000 2794.717418
60 1.300000 2765.057265
60 1.500000 2809.145890
60 1.700000 2822.891139
60 1.900000 2748.381099
60 2.100000 2742.502367
60 2.300000 2854.037301
60 2.500000 2747.744142
60 2.700000 2778.761582
60 2.900000 2801.203589
60 3.100000 2908.057610
60 3.300000 2801.203589
60 3.500000 2760.164684
60 3.700000 2817.342114
60 3.900000 2822.891139
60 4.100000 2805.780490
60 4.300000 2763.731816
60 4.500000 2702.034773
60 4.700000 2854.104099
60 4.900000 2774.128435
70 0.100000 2653.725223
70 0.300000 2712.607942
70 0.500000 2595.782589
70 0.700000 2653.725223
70 0.900000 2650.701271
70 1.100000 2546.754100
70 1.300000 2653.725223
70 1.500000 2765.057265
70 1.700000 2653.725223
70 1.900000 2658.193277
70 2.100000 2653.725223
70 2.300000 2765.057265
70 2.500000 2615.947467
70 2.700000 2653.725223
70 2.900000 2580.093584
70 3.100000 2701.878140
70 3.300000 2653.725223
70 3.500000 2595.782589
70 3.700000 2750.052577
70 3.900000 2757.366470
70 4.100000 2653.725223
70 4.300000 2653.725223
70 4.500000 2653.725223
70 4.700000 2682.310057
70 4.900000 2737.665280
80 0.100000 2670.566065
80 0.300000 2760.617600
80 0.500000 2640.526648
80 0.700000 2670.566065
80 0.900000 2743.834478
80 1.100000 2676.126756
80 1.300000 2677.586439
80 1.500000 2561.726620
80 1.700000 2757.116599
80 1.900000 2670.566065
80 2.100000 2700.412681
80 2.300000 2800.769027
80 2.500000 2730.915096
80 2.700000 2764.778213
80 2.900000 2695.086848
80 3.100000 2739.625125
80 3.300000 2748.699776
80 3.500000 2462.124072
80 3.700000 2713.860736
80 3.900000 2800.769027
80 4.100000 2539.233942
80 4.300000 2705.299580
80 4.500000 2710.192752
80 4.700000 2656.623176
80 4.900000 2705.299580
90 0.100000 2656.670784
90 0.300000 2656.670784
90 0.500000 2673.475718
90 0.700000 2656.670784
90 0.900000 2656.670784
90 1.100000 2673.475718
90 1.300000 2549.544552
90 1.500000 2669.394605
90 1.700000 2672.053300
90 1.900000 2658.259080
90 2.100000 2728.476500
90 2.300000 2743.185339
90 2.500000 2656.670784
90 2.700000 2607.299525
90 2.900000 2678.876606
90 3.100000 2708.503754
90 3.300000 2607.299525
90 3.500000 2656.670784
90 3.700000 2719.643845
90 3.900000 2606.628969
90 4.100000 2664.422439
90 4.300000 2667.498853
90 4.500000 2666.733990
90 4.700000 2622.879348
90 4.900000 2719.642453
100 0.100000 2534.374726
100 0.300000 2570.872236
100 0.500000 2570.872236
100 0.700000 2438.724300
100 0.900000 2420.087543
100 1.100000 2568.250777
100 1.300000 2494.134557
100 1.500000 2575.161599
100 1.700000 2469.194574
100 1.900000 2570.872236
100 2.100000 2570.872236
100 2.300000 2438.724300
100 2.500000 2438.724300
100 2.700000 2494.134557
100 2.900000 2503.667676
100 3.100000 2570.872236
100 3.300000 2442.414135
100 3.500000 2516.461149
100 3.700000 2570.872236
100 3.900000 2609.785818
100 4.100000 2570.872236
100 4.300000 2561.912081
100 4.500000 2607.749978
100 4.700000 2442.414135
100 4.900000 2461.050892
110 0.100000 2438.724300
110 0.300000 2615.034144
110 0.500000 2365.019404
110 0.700000 2475.454514
110 0.900000 2615.034144
110 1.100000 2517.319908
110 1.300000 2570.422095
110 1.500000 2578.454488
110 1.700000 2571.244291
110 1.900000 2425.149925
110 2.100000 2559.297455
110 2.300000 2438.724300
110 2.500000 2615.034144
110 2.700000 2615.034144
110 2.900000 2420.087543
110 3.100000 2607.082615
110 3.300000 2544.170052
110 3.500000 2503.683743
110 3.700000 2615.034144
110 3.900000 2606.346265
110 4.100000 2571.244291
110 4.300000 2503.683743
110 4.500000 2591.639822
110 4.700000 2420.087543
110 4.900000 2622.330804
120 0.100000 2565.780475
120 0.300000 2465.937690
120 0.500000 2465.937690
120 0.700000 2620.248719
120 0.900000 2465.937690
120 1.100000 2565.780475
120 1.300000 2565.780475
120 1.500000 2425.014562
120 1.700000 2425.014562
120 1.900000 2450.226076
120 2.100000 2565.780475
120 2.300000 2561.253842
120 2.500000 2465.937690
120 2.700000 2565.780475
120 2.900000 2465.937690
120 3.100000 2519.370304
120 3.300000 2565.780475
120 3.500000 2450.157172
120 3.700000 2565.780475
120 3.900000 2465.937690
120 4.100000 2540.293969
120 4.300000 2465.937690
120 4.500000 2465.937690
120 4.700000 2543.024179
120 4.900000 2469.647096
130 0.100000 2574.820562
130 0.300000 2608.992057
130 0.500000 2608.795143
130 0.700000 2487.557990
130 0.900000 2369.882791
130 1.100000 2467.795091
130 1.300000 2488.135078
130 1.500000 2578.858506
130 1.700000 2567.573930
130 1.900000 2544.326477
130 2.100000 2605.761270
130 2.300000 2578.858506
130 2.500000 2478.509932
130 2.700000 2478.509932
130 2.900000 2413.510024
130 3.100000 2558.469166
130 3.300000 2497.176731
130 3.500000 2573.670845
130 3.700000 2286.742320
130 3.900000 2465.937690
130 4.100000 2472.636824
130 4.300000 2608.992057
130 4.500000 2398.926811
130 4.700000 2517.787805
130 4.900000 2286.742320
140 0.100000 2434.612456
140 0.300000 2534.258537
140 0.500000 2512.067464
140 0.700000 2463.395069
140 0.900000 2439.046071
140 1.100000 2451.425619
140 1.300000 2526.128771
140 1.500000 2563.027289
140 1.700000 2535.046335
140 1.900000 2439.046071
140 2.100000 2414.045499
140 2.300000 2490.449367
140 2.500000 2571.464197
140 2.700000 2505.001848
140 2.900000 2460.946171
140 3.100000 2501.140371
140 3.300000 2579.223204
140 3.500000 2477.942555
140 3.700000 2493.760171
140 3.900000 2466.515443
140 4.100000 2570.082595
140 4.300000 2417.312183
140 4.500000 2556.166020
140 4.700000 2505.243374
140 4.900000 2473.166269
150 0.100000 2488.686374
150 0.300000 2562.848666
150 0.500000 2508.852331
150 0.700000 2491.319863
150 0.900000 2600.771184
150 1.100000 2488.966333
150 1.300000 2550.615707
150 1.500000 2336.645393
150 1.700000 2541.356146
150 1.900000 2556.716687
150 2.100000 2560.529894
150 2.300000 2576.490107
150 2.500000 2568.975952
150 2.700000 2572.537577
150 2.900000 2502.817725
150 3.100000 2511.405876
150 3.300000 2483.874989
150 3.500000 2456.715519
150 3.700000 2588.338659
150 3.900000 2521.688012
150 4.100000 2553.050712
150 4.300000 2528.878030
150 4.500000 2516.541506
150 4.700000 2576.512637
150 4.900000 2606.343017
160 0.100000 2519.577244
160 0.300000 2548.052160
160 0.500000 2471.342798
160 0.700000 2375.552332
160 0.900000 2465.325205
160 1.100000 2527.731278
160 1.300000 2519.577244
160 1.500000 2506.999527
160 1.700000 2472.024717
160 1.900000 2468.571378
160 2.100000 2476.865879
160 2.300000 2553.466145
160 2.500000 2570.776278
160 2.700000 2402.509755
160 2.900000 2570.776278
160 3.100000 2542.456878
160 3.300000 2555.982271
160 3.500000 2529.105777
160 3.700000 2538.409464
160 3.900000 2513.263985
160 4.100000 2553.560922
160 4.300000 2521.948287
160 4.500000 2528.028931
160 4.700000 2365.443076
160 4.900000 2574.320588
170 0.100000 2542.456878
170 0.300000 2433.109188
170 0.500000 2525.963248
170 0.700000 2523.843768
170 0.900000 2503.698509
170 1.100000 2429.408358
170 1.300000 2540.933363
170 1.500000 2480.731118
170 1.700000 2548.472816
170 1.900000 2417.056393
170 2.100000 2473.319409
170 2.300000 2470.110370
170 2.500000 2542.456878
170 2.700000 2438.198902
170 2.900000 2558.252985
170 3.100000 2501.708519
170 3.300000 2503.698509
170 3.500000 2492.885610
170 3.700000 2503.698509
170 3.900000 2470.274725
170 4.100000 2477.642955
170 4.300000 2531.825313
170 4.500000 2402.720191
170 4.700000 2364.813689
170 4.900000 2472.972475
180 0.100000 2491.361379
180 0.300000 2441.683744
180 0.500000 2329.584643
180 0.700000 2539.886443
180 0.900000 2523.549144
180 1.100000 2466.799965
180 1.300000 2477.871000
180 1.500000 2503.698509
180 1.700000 2502.847406
180 1.900000 2308.169051
180 2.100000 2443.370153
180 2.300000 2401.364978
180 2.500000 2395.596846
180 2.700000 2285.058899
180 2.900000 2455.077177
180 3.100000 2512.668673
180 3.300000 2377.517221
180 3.500000 2526.729651
180 3.700000 2456.264975
180 3.900000 2554.641114
180 4.100000 2528.673055
180 4.300000 2540.505911
180 4.500000 2522.966477
180 4.700000 2374.377811
180 4.900000 2383.191785
190 0.100000 2256.890027
190 0.300000 2479.695999
190 0.500000 2327.146679
190 0.700000 2515.633355
