540.533201
488.491798
462.844406
484.664497
544.404403
512.144595
487.773047
500.677312
503.218080
532.867826
484.465326
461.875495
471.254837
379.431502
376.263717
444.323320
444.323320
469.876446
488.852352
453.804249
451.188973
446.079344
449.239119
454.903090
461.842840
484.707369
455.013441
408.474089
437.207296
483.230000
504.254380
536.223535
494.648705
449.711840
420.257579
420.257579
393.548905
446.997048
510.407380
516.082874
540.788543
508.528735
492.404870
472.632419
472.632419
424.258012
426.775336
426.775336
428.831988
492.466457
488.332106
456.435028
487.268096
456.596699
468.572326
447.067011
439.046976
485.834803
464.335908
421.341663
431.208116
429.128925
419.262471
435.692437
445.750338
481.747074
478.646785
478.646785
489.477809
448.390882
414.542091
380.617367
396.849926
396.849926
391.726942
468.184327
468.184327
480.504066
477.433799
465.114061
474.283162
452.880525
436.778396
449.704212
449.704212
449.704212
519.353068
528.518835
566.968969
485.454651
448.324206
433.901405
555.686373
507.860632
445.177929
514.062291
445.177929
514.062291
473.255399
486.397767
522.245072
557.428131
514.428677
491.673568
459.099450
491.673568
514.428677
458.705211
505.493038
505.493038
522.545077
522.545077
514.118854
497.066815
489.696665
441.901490
441.901490
470.971188
453.355269
446.627121
446.627121
446.627121
483.591272
470.359672
452.384603
404.242920
404.242920
407.955205
490.755732
479.189471
501.168625
455.293606
455.293606
438.878964
407.501397
391.574726
391.574726
391.574726
442.002912
453.232093
423.955617
423.955617
472.947372
463.579096
502.886443
509.511667
504.117363
537.128357
494.401350
493.173890
495.844454
424.085314
434.409794
526.557700
504.449951
498.780173
498.780173
499.080524
495.912738
458.182857
435.420275
436.538449
419.621355
393.540500
401.705216
401.705216
434.455227
439.181896
432.640321
432.640321
490.348954
496.659252
397.348288
385.237267
388.786182
436.029196
470.476024
435.588747
435.588747
401.427918
411.686343
493.200662
493.190220
493.190220
493.190220
457.742341
501.343202
501.343202
501.343202
468.364955
468.364955
459.702880
484.195729
450.668311
463.531695
434.457965
434.457965
434.457965
370.001648
370.001648
386.264206
415.479532
439.375859
533.197822
479.639791
480.184290
462.100822
482.809734
444.824881
482.809734
431.355331
425.972057
425.972057
436.695548
436.695548
443.405622
450.136222
447.382908
469.418437
469.418437
469.418437
472.140173
460.487445
430.931401
430.931401
430.931401
518.111602
430.931401
433.472168
475.881113
464.307690
433.720899
476.447906
454.942591
434.193214
434.193214
433.899863
420.634970
454.530046
410.116510
410.116510
454.530046
385.885862
385.885862
385.885862
454.530046
458.400299
447.473565
462.543762
476.932927
476.932927
497.349124
494.951052
446.538039
459.582341
438.761424
438.761424
445.960506
485.005645
447.443253
441.883850
423.570640
423.570640
423.570640
472.241326
465.485249
481.159111
481.159111
482.719847
485.626966
498.671268
485.626966
461.617019
446.409250
456.544758
456.544758
456.544758
456.544758
456.544758
436.029196
436.029196
455.594883
488.853067
450.452095
447.364581
447.364581
461.805801
461.805801
461.805801
438.990528
464.299530
479.717148
386.389968
396.343453
396.343453
431.122328
431.122328
415.737369
445.905712
514.724630
518.191549
509.428081
509.428081
435.614941
449.772441
413.617366
407.563432
398.552055
439.912077
499.208070
499.208070
512.008952
512.008952
473.411523
473.411523
476.174182
453.284000
451.723264
451.723264
458.919853
458.919853
458.919853
395.033902
394.237067
394.237067
367.899686
367.899686
367.899686
367.899686
367.899686
355.240597
355.240597
355.240597
376.127093
376.127093
376.148886
376.148886
376.148886
376.148886
391.226066
391.226066
391.226066
378.425183
378.425183
378.425183
378.425183
345.298432
333.956420
332.541540
332.541540
408.103120
408.103120
408.103120
408.103120
408.103120
408.103120
411.815404
441.393240
419.154763
418.854412
418.854412
418.854412
438.441735
438.441735
407.400980
407.400980
407.400980
407.400980
422.196819
422.196819
422.196819
422.196819
422.196819
410.514878
411.203189
395.535585
395.535585
395.535585
395.535585
395.535585
395.535585
395.535585
380.944040
380.944040
380.944040
380.944040
392.625981
392.625981
392.625981
392.625981
403.175192
403.175192
403.175192
381.623403
381.623403
414.700342
400.402681
436.693482
422.223008
422.223008
422.223008
422.223008
422.223008
412.632532
383.214345
383.214345
359.700113
359.700113
359.700113
359.700113
386.507784
386.507784
386.507784
386.507784
386.507784
386.507784
383.437517
360.682408
314.552489
314.552489
314.552489
314.552489
331.229571
331.229571
331.229571
331.229571
331.229571
337.976520
337.976520
337.976520
337.976520
337.976520
337.976520
337.976520
337.976520
375.118233
375.118233
375.118233
375.118233
375.118233
411.936966
435.712944
435.712944
431.472004
431.472004
432.160315
432.160315
428.962206
428.962206
428.962206
454.942338
454.942338
466.289087
466.289087
431.545579
431.545579
431.545579
431.545579
410.715569
410.715569
410.715569
410.715569
410.715569
405.809789
405.809789
405.809789
405.809789
405.809789
410.715569
410.715569
410.715569
410.715569
410.715569
410.715569
410.715569
410.715569
400.402421
401.295027
401.295027
401.295027
401.295027
385.627422
385.627422
385.627422
385.627422
395.661549
390.755769
395.496641
395.496641
395.496641
363.902365
363.902365
363.902365
363.902365
363.902365
363.902365
363.902365
363.902365
363.902365
363.902365
363.902365
363.902365
363.902365
363.902365
363.902365
363.902365
363.902365
363.902365
363.902365
363.902365
363.902365
363.902365
363.902365
363.902365
363.902365
363.902365
363.902365
363.902365
363.902365
363.902365
363.902365
363.902365
363.902365
363.902365
363.902365
363.902365
363.902365
363.902365
363.902365
363.902365
363.902365
363.902365
363.902365
363.902365
363.902365
363.902365
363.902365
363.902365
363.902365
363.902365
363.902365
363.902365
363.902365
363.902365
363.902365
363.902365
363.902365
363.902365
363.902365
363.902365
363.902365
363.902365
363.902365
363.902365
363.902365
363.902365
363.902365
363.902365
363.902365
363.902365
363.902365
363.902365
363.902365
363.902365
363.902365
363.902365
363.902365
363.902365
363.902365
363.902365
363.902365
363.902365
363.902365
363.902365
363.902365
363.902365
363.902365
363.902365
363.902365
363.902365
363.902365
363.902365
363.902365
363.902365
363.902365
363.902365
363.902365
363.902365
363.902365
363.902365
363.902365
363.902365
363.902365
363.902365
363.902365
363.902365
363.902365
363.902365
363.902365
363.902365
363.902365
363.902365
363.902365
363.902365
363.902365
363.902365
363.902365
363.902365
363.902365
363.902365
363.902365
363.902365
363.902365
363.902365
363.902365
363.902365
363.902365
363.902365
363.902365
363.902365
363.902365
363.902365
363.902365
363.902365
363.902365
363.902365
363.902365
363.902365
363.902365
363.902365
363.902365
363.902365
363.902365
363.902365
363.902365
363.902365
363.902365
363.902365
363.902365
363.902365
363.902365
363.902365
363.902365
363.902365
363.902365
363.902365
363.902365
363.902365
363.902365
363.902365
363.902365
363.902365
363.902365
363.902365
363.902365
363.902365
363.902365
363.902365
363.902365
363.902365
363.902365
363.902365
363.902365
363.902365
363.902365
363.902365
363.902365
363.902365
363.902365
363.902365
363.902365
363.902365
363.902365
363.902365
363.902365
363.902365
363.902365
363.902365
363.902365
363.902365
363.902365
363.902365
363.902365
363.902365
363.902365
363.902365
363.902365
363.902365
363.902365
363.902365
363.902365
363.902365
363.902365
363.902365
363.902365
363.902365
363.902365
363.902365
363.902365
363.902365
363.902365
363.902365
363.902365
363.902365
363.902365
363.902365
363.902365
363.902365
363.902365
363.902365
363.902365
363.902365
363.902365
363.902365
363.902365
363.902365
363.902365
363.902365
363.902365
363.902365
363.902365
363.902365
363.902365
363.902365
363.902365
363.902365
363.902365
363.902365
363.902365
363.902365
363.902365
363.902365
363.902365
363.902365
363.902365
363.902365
363.902365
363.902365
363.902365
363.902365
363.902365
363.902365
363.902365
363.902365
363.902365
363.902365
363.902365
363.902365
363.902365
363.902365
363.902365
363.902365
363.902365
363.902365
363.902365
363.902365
363.902365
363.902365
363.902365
363.902365
363.902365
363.902365
363.902365
363.902365
363.902365
363.902365
363.902365
363.902365
363.902365
363.902365
363.902365
363.902365
363.902365
363.902365
363.902365
363.902365
363.902365
363.902365
363.902365
363.902365
363.902365
363.902365
363.902365
363.902365
363.902365
363.902365
363.902365
363.902365
363.902365
363.902365
363.902365
363.902365
363.902365
363.902365
363.902365
363.902365
363.902365
363.902365
363.902365
363.902365
363.902365
363.902365
363.902365
363.902365
363.902365
363.902365
363.902365
363.902365
363.902365
363.902365
363.902365
363.902365
363.902365
363.902365
363.902365
363.902365
363.902365
363.902365
363.902365
363.902365
363.902365
363.902365
363.902365
363.902365
363.902365
363.902365
363.902365
363.902365
363.902365
363.902365
363.902365
363.902365
363.902365
363.902365
363.902365
363.902365
363.902365
363.902365
363.902365
363.902365
363.902365
363.902365
363.902365
363.902365
363.902365
363.902365
363.902365
363.902365
363.902365
363.902365
363.902365
363.902365
363.902365
363.902365
363.902365
363.902365
363.902365
363.902365
363.902365
363.902365
363.902365
363.902365
363.902365
363.902365
363.902365
363.902365
363.902365
363.902365
363.902365
363.902365
363.902365
363.902365
363.902365
363.902365
363.902365
363.902365
363.902365
363.902365
363.902365
363.902365
363.902365
363.902365
363.902365
363.902365
363.902365
363.902365
363.902365
363.902365
363.902365
363.902365
363.902365
363.902365
363.902365
363.902365
363.902365
363.902365
363.902365
363.902365
363.902365
363.902365
363.902365
363.902365
363.902365
363.902365
363.902365
363.902365
363.902365
363.902365
363.902365
363.902365
363.902365
363.902365
363.902365
363.902365
363.902365
363.902365
363.902365
363.902365
363.902365
363.902365
363.902365
363.902365
363.902365
363.902365
363.902365
363.902365
363.902365
363.902365
363.902365
363.902365
363.902365
363.902365
363.902365
363.902365
363.902365
363.902365
363.902365
363.902365
363.902365
363.902365
363.902365
363.902365
363.902365
363.902365
363.902365
363.902365
363.902365
363.902365
363.902365
363.902365
363.902365
363.902365
363.902365
363.902365
363.902365
363.902365
363.902365
363.902365
363.902365
363.902365
363.902365
363.902365
363.902365
363.902365
363.902365
363.902365
363.902365
363.902365
363.902365
363.902365
363.902365
363.902365
363.902365
363.902365
363.902365
363.902365
363.902365
363.902365
363.902365
363.902365
363.902365
363.902365
363.902365
363.902365
363.902365
363.902365
363.902365
363.902365
363.902365
363.902365
363.902365
363.902365
363.902365
363.902365
363.902365
363.902365
363.902365
363.902365
363.902365
363.902365
