param1 param2 Fitness
10 0.500000 61821.833824
10 1.000000 64031.533014
10 1.500000 62575.969006
10 2.000000 61299.219700
10 2.500000 61863.188801
10 3.000000 62018.605066
10 3.500000 61630.912402
10 4.000000 63020.642831
10 4.500000 62742.292989
10 5.000000 63259.106713
10 5.500000 62348.250898
10 6.000000 62332.535692
10 6.500000 63018.365225
10 7.000000 61773.146922
10 7.500000 61091.230861
10 8.000000 63049.701536
10 8.500000 63181.823939
10 9.000000 63423.850046
10 9.500000 63217.211691
20 0.500000 62856.916126
20 1.000000 60907.180761
20 1.500000 62805.030837
20 2.000000 61696.442941
20 2.500000 62726.300263
20 3.000000 60522.252878
20 3.500000 61948.962230
20 4.000000 61269.560535
20 4.500000 61431.856325
20 5.000000 61414.839441
20 5.500000 62074.119919
20 6.000000 61406.355935
20 6.500000 59116.520587
20 7.000000 62385.589727
20 7.500000 62532.210023
20 8.000000 60389.053281
20 8.500000 62062.867495
20 9.000000 62030.931747
20 9.500000 62765.323843
30 0.500000 62172.497359
30 1.000000 61761.137665
30 1.500000 62329.961956
30 2.000000 62112.321352
30 2.500000 61681.335460
30 3.000000 62523.782926
30 3.500000 61876.660318
30 4.000000 62481.448106
30 4.500000 61102.235151
30 5.000000 62158.011794
30 5.500000 61716.020170
30 6.000000 60739.882068
30 6.500000 60046.236685
30 7.000000 61255.749254
30 7.500000 60766.533161
30 8.000000 58197.673790
30 8.500000 61237.756743
30 9.000000 61054.358409
30 9.500000 61240.259053
40 0.500000 62316.636625
40 1.000000 62617.373437
40 1.500000 61050.691176
40 2.000000 61557.554607
40 2.500000 60826.735165
40 3.000000 61164.775609
40 3.500000 60794.125264
40 4.000000 61138.441521
40 4.500000 61657.918089
40 5.000000 61366.027816
40 5.500000 60387.799041
40 6.000000 61703.346314
40 6.500000 60669.849490
40 7.000000 61192.816346
40 7.500000 61366.168644
40 8.000000 62364.464895
40 8.500000 61203.649829
40 9.000000 62550.246595
40 9.500000 61713.867827
50 0.500000 61459.213921
50 1.000000 60341.781658
50 1.500000 62054.575496
50 2.000000 62018.225281
50 2.500000 60425.186520
50 3.000000 60270.175063
50 3.500000 62095.485551
50 4.000000 60761.740406
50 4.500000 60742.967107
50 5.000000 61165.415701
50 5.500000 62135.996890
50 6.000000 60206.204638
50 6.500000 62213.940779
50 7.000000 61017.310776
50 7.500000 60027.235054
50 8.000000 61431.271519
50 8.500000 61238.295345
50 9.000000 62619.530613
50 9.500000 61266.101154
60 0.500000 61143.289368
60 1.000000 60438.590010
60 1.500000 61630.506630
60 2.000000 61998.031802
60 2.500000 60647.317395
60 3.000000 61292.364900
60 3.500000 60164.060308
60 4.000000 59065.860354
60 4.500000 61516.529937
60 5.000000 61332.827568
60 5.500000 59994.858675
60 6.000000 61569.148095
60 6.500000 61968.355211
60 7.000000 61400.299705
60 7.500000 59945.054304
60 8.000000 59940.367195
60 8.500000 61844.534901
60 9.000000 61259.164628
60 9.500000 61963.018177
70 0.500000 59923.087601
70 1.000000 62518.687325
70 1.500000 59129.348416
70 2.000000 61532.791890
70 2.500000 61141.391586
70 3.000000 61840.543716
70 3.500000 61063.710165
70 4.000000 61868.745700
70 4.500000 59970.213225
70 5.000000 60474.560769
70 5.500000 62094.467301
70 6.000000 61417.042148
70 6.500000 60662.203000
70 7.000000 60256.569908
70 7.500000 61835.718136
70 8.000000 61696.606195
70 8.500000 59686.829448
70 9.000000 60263.710883
70 9.500000 60850.350369
80 0.500000 61134.052609
80 1.000000 60845.663181
80 1.500000 61682.141071
80 2.000000 60610.707480
80 2.500000 59345.210877
80 3.000000 59201.058588
80 3.500000 61029.044981
80 4.000000 61301.483344
80 4.500000 61452.082356
80 5.000000 60335.024505
80 5.500000 58242.242172
80 6.000000 60590.464458
80 6.500000 61662.591087
80 7.000000 58577.987281
80 7.500000 60636.226202
80 8.000000 60940.532867
80 8.500000 60878.784318
80 9.000000 60752.561401
80 9.500000 60466.492540
90 0.500000 61292.599596
90 1.000000 60972.015752
90 1.500000 61465.999992
90 2.000000 61362.238341
90 2.500000 60331.964390
90 3.000000 59573.474394
90 3.500000 61303.858029
90 4.000000 61767.224399
90 4.500000 60627.056231
90 5.000000 60931.970570
90 5.500000 61013.460109
90 6.000000 60996.372361
90 6.500000 61220.055079
90 7.000000 61392.363418
90 7.500000 61513.328563
90 8.000000 61044.203170
90 8.500000 61005.482963
90 9.000000 61502.012836
90 9.500000 60958.929658
