param1 param2 Fitness
10 0.100000 32632.487931
10 0.200000 30781.814017
10 0.300000 23533.334482
10 0.400000 25426.590502
10 0.500000 36791.681866
10 0.600000 32067.863451
10 0.700000 43809.743940
10 0.800000 40088.651835
10 0.900000 46011.875012
20 0.100000 30014.153744
20 0.200000 24665.744006
20 0.300000 25452.208399
20 0.400000 22999.549044
20 0.500000 25395.439707
20 0.600000 33799.163583
20 0.700000 36052.367589
20 0.800000 36276.148872
20 0.900000 44834.226982
30 0.100000 25984.456510
30 0.200000 26196.017794
30 0.300000 20549.366853
30 0.400000 23805.770693
30 0.500000 25092.786848
30 0.600000 25305.127654
30 0.700000 31613.941056
30 0.800000 42230.986081
30 0.900000 41009.265404
40 0.100000 24630.030485
40 0.200000 22958.851043
40 0.300000 21282.599661
40 0.400000 25088.143957
40 0.500000 20160.607049
40 0.600000 24670.906030
40 0.700000 37788.983403
40 0.800000 36351.728085
40 0.900000 42672.548170
50 0.100000 24430.869678
50 0.200000 26605.958634
50 0.300000 22813.183485
50 0.400000 21492.196829
50 0.500000 22568.895085
50 0.600000 33391.458420
50 0.700000 31796.636561
50 0.800000 34724.238019
50 0.900000 40604.434935
60 0.100000 22768.272782
60 0.200000 21192.986917
60 0.300000 22111.896626
60 0.400000 19936.701693
60 0.500000 20989.775685
60 0.600000 21042.077499
60 0.700000 25417.862487
60 0.800000 38347.380139
60 0.900000 37904.808000
70 0.100000 25370.331404
70 0.200000 22366.835587
70 0.300000 20805.907574
70 0.400000 24154.805398
70 0.500000 19339.784776
70 0.600000 22946.974736
70 0.700000 34221.635042
70 0.800000 34898.033654
70 0.900000 37565.690086
80 0.100000 21971.706208
80 0.200000 23106.339542
80 0.300000 21361.103024
80 0.400000 21490.913696
80 0.500000 20774.797319
80 0.600000 28274.140615
80 0.700000 34724.712129
80 0.800000 31368.442361
80 0.900000 40633.531286
90 0.100000 22421.389110
90 0.200000 22195.058069
90 0.300000 19792.709725
90 0.400000 20041.574208
90 0.500000 22202.622777
90 0.600000 20881.246997
90 0.700000 20747.724398
90 0.800000 41198.219033
90 0.900000 40524.730766
