param1 param2 Fitness
500 0.700000 42695.023386
500 0.710000 42695.023386
500 0.720000 42695.023386
500 0.730000 42695.023386
500 0.740000 42695.023386
500 0.750000 42695.023386
500 0.760000 42695.023386
500 0.770000 42695.023386
500 0.780000 42695.023386
500 0.790000 42695.023386
500 0.800000 42695.023386
500 0.810000 42695.023386
500 0.820000 42695.023386
500 0.830000 42695.023386
500 0.840000 39321.342795
500 0.850000 39321.342795
500 0.860000 39321.342795
500 0.870000 39321.342795
500 0.880000 39321.342795
500 0.890000 39321.342795
500 0.900000 39321.342795
500 0.910000 39321.342795
500 0.920000 39321.342795
500 0.930000 39321.342795
500 0.940000 39321.342795
500 0.950000 39321.342795
500 0.960000 39321.342795
500 0.970000 39321.342795
500 0.980000 39321.342795
600 0.700000 39321.342795
600 0.710000 39321.342795
600 0.720000 39321.342795
600 0.730000 39321.342795
600 0.740000 43430.159623
600 0.750000 43430.159623
600 0.760000 43430.159623
600 0.770000 43430.159623
600 0.780000 43430.159623
600 0.790000 43430.159623
600 0.800000 43430.159623
600 0.810000 43430.159623
600 0.820000 43430.159623
600 0.830000 43430.159623
600 0.840000 43430.159623
600 0.850000 43430.159623
600 0.860000 43430.159623
600 0.870000 43430.159623
600 0.880000 43430.159623
600 0.890000 43430.159623
600 0.900000 43430.159623
600 0.910000 43430.159623
600 0.920000 43430.159623
600 0.930000 43430.159623
600 0.940000 38615.054570
600 0.950000 38615.054570
600 0.960000 38615.054570
600 0.970000 38615.054570
600 0.980000 38615.054570
700 0.700000 38615.054570
700 0.710000 38615.054570
700 0.720000 38615.054570
700 0.730000 38615.054570
700 0.740000 38615.054570
700 0.750000 38615.054570
700 0.760000 38615.054570
700 0.770000 38615.054570
700 0.780000 22680.436483
700 0.790000 22680.436483
700 0.800000 22680.436483
700 0.810000 23630.764614
700 0.820000 23630.764614
700 0.830000 23630.764614
700 0.840000 39047.271398
700 0.850000 25684.952136
700 0.860000 39047.271398
700 0.870000 39047.271398
700 0.880000 39047.271398
700 0.890000 23011.101232
700 0.900000 39778.353843
700 0.910000 39778.353843
700 0.920000 39778.353843
700 0.930000 39778.353843
700 0.940000 27033.893686
700 0.950000 24560.059368
700 0.960000 24734.336130
700 0.970000 23651.481063
700 0.980000 19938.926757
800 0.700000 23857.536232
800 0.710000 23857.536232
800 0.720000 24357.951909
800 0.730000 24357.951909
800 0.740000 24744.998190
800 0.750000 24744.998190
800 0.760000 24591.781494
800 0.770000 24591.781494
800 0.780000 20440.219188
800 0.790000 20440.219188
800 0.800000 23888.021845
800 0.810000 23966.352202
800 0.820000 23966.352202
800 0.830000 21511.325957
800 0.840000 22473.683389
800 0.850000 22473.683389
800 0.860000 23111.353690
800 0.870000 23111.353690
800 0.880000 22048.692423
800 0.890000 25808.390670
800 0.900000 21384.490595
800 0.910000 22439.698676
800 0.920000 23391.308424
800 0.930000 37770.885769
800 0.940000 37770.885769
800 0.950000 37770.885769
800 0.960000 37770.885769
800 0.970000 37770.885769
800 0.980000 37770.885769
900 0.700000 23618.389930
900 0.710000 23208.970701
900 0.720000 23208.970701
900 0.730000 20873.630184
900 0.740000 20873.630184
900 0.750000 22351.320533
900 0.760000 21385.874431
900 0.770000 21385.874431
900 0.780000 23492.583753
900 0.790000 21850.406172
900 0.800000 21850.406172
900 0.810000 20327.712072
900 0.820000 22615.249846
900 0.830000 22615.249846
900 0.840000 22628.480894
900 0.850000 23457.137679
900 0.860000 23869.830292
900 0.870000 21430.123888
900 0.880000 20067.454810
900 0.890000 22474.747731
900 0.900000 22474.747731
900 0.910000 24776.248331
900 0.920000 24598.590075
900 0.930000 22280.545839
900 0.940000 22746.842497
900 0.950000 23098.042933
900 0.960000 22950.967522
900 0.970000 22841.368294
900 0.980000 21786.486206
1000 0.700000 24381.835837
1000 0.710000 24381.835837
1000 0.720000 23907.702554
1000 0.730000 23907.702554
1000 0.740000 22464.402980
1000 0.750000 22298.340542
1000 0.760000 24075.692412
1000 0.770000 24075.692412
1000 0.780000 20896.602952
1000 0.790000 20432.095551
1000 0.800000 20049.421007
1000 0.810000 20049.421007
1000 0.820000 22277.106251
1000 0.830000 22277.106251
1000 0.840000 25505.073146
1000 0.850000 25505.073146
1000 0.860000 25505.073146
1000 0.870000 23348.187419
1000 0.880000 22313.033022
1000 0.890000 18749.629767
1000 0.900000 18749.629767
1000 0.910000 22230.824049
1000 0.920000 23933.764315
1000 0.930000 21524.933923
1000 0.940000 22648.094473
1000 0.950000 22648.880492
1000 0.960000 22067.266800
1000 0.970000 22935.022381
1000 0.980000 21175.715338
1100 0.700000 20444.188493
1100 0.710000 23373.517896
1100 0.720000 22604.015682
1100 0.730000 22604.015682
1100 0.740000 21570.231101
1100 0.750000 22428.536061
1100 0.760000 21079.597444
1100 0.770000 22557.601913
1100 0.780000 22557.601913
1100 0.790000 22171.798919
1100 0.800000 24978.325671
1100 0.810000 21441.678964
1100 0.820000 22732.267691
1100 0.830000 22405.461185
1100 0.840000 23857.760317
1100 0.850000 23857.760317
1100 0.860000 22950.202257
1100 0.870000 22950.202257
1100 0.880000 20679.504056
1100 0.890000 19163.316617
1100 0.900000 22547.852476
1100 0.910000 20333.440382
1100 0.920000 24529.771474
1100 0.930000 26611.991583
1100 0.940000 24670.910145
1100 0.950000 21436.840858
1100 0.960000 20773.892922
1100 0.970000 24390.326837
1100 0.980000 20993.496703
1200 0.700000 22299.770033
1200 0.710000 22303.308501
1200 0.720000 22303.308501
1200 0.730000 21059.959865
1200 0.740000 23677.231180
1200 0.750000 21521.184459
1200 0.760000 21631.676723
1200 0.770000 21631.676723
1200 0.780000 21068.958156
1200 0.790000 21068.958156
1200 0.800000 20990.273290
1200 0.810000 22008.341983
1200 0.820000 22008.341983
1200 0.830000 22008.341983
1200 0.840000 23195.560435
1200 0.850000 25193.451818
1200 0.860000 23791.984455
1200 0.870000 20291.553500
1200 0.880000 20291.553500
1200 0.890000 24553.428200
1200 0.900000 23114.129013
1200 0.910000 25773.772098
1200 0.920000 20969.082661
1200 0.930000 22509.643497
1200 0.940000 23467.405349
1200 0.950000 23624.835812
1200 0.960000 22800.002210
1200 0.970000 21841.509688
1200 0.980000 21891.818592
1300 0.700000 22227.960420
1300 0.710000 22227.960420
1300 0.720000 23114.634756
1300 0.730000 19900.282112
1300 0.740000 19900.282112
1300 0.750000 21063.647759
1300 0.760000 21306.349934
1300 0.770000 21306.349934
1300 0.780000 19244.147788
1300 0.790000 22814.479458
1300 0.800000 20872.398455
1300 0.810000 22759.642828
1300 0.820000 23784.191313
1300 0.830000 23784.191313
1300 0.840000 19730.000920
1300 0.850000 23754.142060
1300 0.860000 22505.828062
1300 0.870000 22947.744259
1300 0.880000 21934.182088
1300 0.890000 23443.129009
1300 0.900000 21245.856263
1300 0.910000 20956.919820
1300 0.920000 19173.074700
1300 0.930000 20846.947478
1300 0.940000 24175.652658
1300 0.950000 22984.221336
1300 0.960000 22911.697009
1300 0.970000 19229.079224
1300 0.980000 21602.861717
1400 0.700000 22136.909269
1400 0.710000 22708.481486
1400 0.720000 20806.153469
1400 0.730000 20806.153469
1400 0.740000 20194.531071
1400 0.750000 20699.947355
1400 0.760000 21782.183135
1400 0.770000 22379.396871
1400 0.780000 20441.297917
1400 0.790000 18544.891053
1400 0.800000 19739.561671
1400 0.810000 22190.524240
1400 0.820000 23829.483932
1400 0.830000 22234.403372
1400 0.840000 21600.146478
1400 0.850000 21600.146478
1400 0.860000 23431.372312
1400 0.870000 23431.372312
1400 0.880000 24079.253179
1400 0.890000 20947.022190
1400 0.900000 25384.425950
1400 0.910000 21085.318899
1400 0.920000 22701.867209
1400 0.930000 22555.348378
1400 0.940000 22600.215061
1400 0.950000 20713.967719
1400 0.960000 20317.727261
1400 0.970000 21525.813842
1400 0.980000 21257.744874
