11764.014648 11.026277
11764.014648 11.023347
11764.014648 11.027370
11764.014648 11.027485
11764.014648 11.030384
11764.014648 11.027559
11764.014648 11.025792
11764.014648 11.029352
11764.014648 11.029606
11764.014648 11.030747
11764.014648 11.036477
11764.014648 11.039490
11764.014648 11.042878
11764.014648 11.033189
11764.014648 11.032900
11764.014648 11.041356
11764.014648 11.038380
11764.014648 11.047534
11764.014648 11.045438
11764.014648 11.052909
11764.014648 11.049185
11764.014648 11.058112
11764.014648 11.063122
11764.014648 11.078525
11764.014648 11.071555
11764.014648 11.085703
11764.014648 11.328451
11764.014648 11.326433
11764.014648 11.877567
11764.014648 11.868986
11764.014648 11.874234
11764.014648 11.880606
11764.014648 11.879393
11764.014648 11.894640
11764.014648 11.900666
11764.014648 11.893584
11764.014648 11.899173
11764.014648 11.895296
11764.014648 11.899645
11764.014648 11.883012
11764.014648 11.907647
11764.014648 11.911924
11764.014648 11.909035
11764.014648 11.915762
11764.014648 11.916932
11764.014648 11.912160
11764.014648 11.914776
11764.014648 11.880302
