7122.897845 8.192002
7122.897845 10.749362
7122.897845 10.831735
7122.897845 10.842854
7122.897845 10.847687
7122.897845 10.841446
7122.897845 10.856122
7122.897845 10.851191
7122.897845 10.873505
7122.897845 11.543373
7122.897845 11.643133
7122.897845 11.643403
7122.897845 11.638326
7122.897845 11.655283
7122.897845 11.666999
7122.897845 11.665801
7122.897845 11.701788
7122.897845 11.712742
7122.897845 11.717475
7122.897845 11.728646
7122.897845 11.739002
7122.897845 11.755053
7122.897845 11.749843
7122.897845 11.794476
7122.897845 11.852583
7122.897845 11.895908
7122.897845 11.895651
7122.897845 11.904547
7122.897845 11.911358
7122.897845 11.902373
7122.897845 11.921678
7122.897845 11.920869
7122.897845 11.922922
7122.897845 11.934220
7122.897845 11.928506
7122.897845 11.935945
7122.897845 11.932180
7122.897845 11.937994
7122.897845 11.939926
7122.897845 11.955130
7122.897845 11.964009
7122.897845 11.965657
7122.897845 11.961829
7122.897845 11.973335
7122.897845 11.973234
7122.897845 11.997967
7122.897845 12.040892
7945.622269 6.801055
7945.622269 6.819495
7945.622269 6.821584
