169.056575 1.018261
169.056575 1.019619
169.056575 1.020501
169.056575 1.020696
169.056575 1.022149
169.056575 1.020530
169.056575 1.023498
169.056575 1.022417
169.056575 1.025007
169.056575 1.024360
169.056575 1.030634
169.056575 1.035719
169.056575 1.035902
169.056575 1.036414
169.056575 1.035934
169.056575 1.036063
169.056575 1.036086
169.056575 1.039101
169.056575 1.008250
169.056575 1.038679
169.056575 1.037540
169.056575 1.040278
169.056575 1.038757
169.056575 1.038467
169.056575 1.039606
169.056575 1.039127
169.056575 1.042478
169.056575 1.044046
169.056575 1.045469
169.056575 1.041961
169.056575 1.049240
169.056575 1.050128
