13701.971318 153.185479
13701.971318 153.207601
13701.971318 153.247212
13701.971318 153.280187
13701.971318 153.315050
13701.971318 153.308571
13701.971318 153.348540
13701.971318 153.358192
13701.971318 153.354840
13701.971318 153.385730
13701.971318 153.387461
13701.971318 153.359799
13701.971318 153.408714
13701.971318 153.286306
13701.971318 153.246520
13701.971318 153.425864
13701.971318 153.403593
13701.971318 153.486229
13701.971318 153.244029
13701.971318 153.548892
13701.971318 153.358567
13701.971318 153.272567
13701.971318 153.515966
13701.971318 153.559017
13701.971318 153.596258
13701.971318 153.443985
13701.971318 153.676347
13701.971318 153.785824
13701.971318 153.818013
13701.971318 153.749785
13701.971318 153.659812
13701.971318 154.140048
