263.709995 1.040069
263.709995 1.039079
263.709995 1.038556
263.709995 1.040710
263.709995 1.040505
263.709995 1.039276
263.709995 1.039176
263.709995 1.039383
263.709995 1.039759
263.709995 1.043658
263.709995 1.042283
263.709995 1.040563
263.709995 1.040720
263.709995 1.043470
263.709995 1.043473
263.709995 1.042534
263.709995 1.042023
263.709995 1.044060
263.709995 1.043182
263.709995 1.042907
263.709995 1.042587
263.709995 1.042963
263.709995 1.041957
263.709995 1.045252
263.709995 1.043358
263.709995 1.045200
263.709995 1.045930
263.709995 1.049929
263.709995 1.060257
263.709995 1.061784
263.709995 1.063548
263.709995 1.072257
