19913.978785 161.625381
19913.978785 161.676466
19913.978785 161.692835
19913.978785 161.707321
19913.978785 161.712288
19913.978785 161.749197
19913.978785 161.769348
19913.978785 161.762379
19913.978785 161.768972
19913.978785 161.796833
19913.978785 161.791690
19913.978785 161.841707
19913.978785 161.868002
19913.978785 161.774390
19913.978785 161.895896
19913.978785 161.924721
19913.978785 161.750858
19913.978785 161.961557
19913.978785 161.991683
19913.978785 162.005214
19913.978785 162.038724
19913.978785 162.057398
19913.978785 162.062404
19913.978785 162.179094
19913.978785 162.249545
19913.978785 162.269296
19913.978785 162.282963
19913.978785 162.351401
19913.978785 162.348256
19913.978785 162.628242
19913.978785 162.678581
19913.978785 162.736543
