440.157061 2.001050
440.157061 2.003864
440.157061 2.001477
440.157061 2.003340
440.157061 2.004495
440.157061 2.004394
440.157061 2.009554
440.157061 2.009990
440.157061 2.009759
440.157061 2.011283
440.157061 2.011175
440.157061 2.013458
440.157061 2.034493
440.157061 2.035764
440.157061 2.035002
440.157061 2.036551
440.157061 2.035174
440.157061 2.036579
440.157061 2.039973
440.157061 2.044427
440.157061 2.042890
440.157061 2.044465
440.157061 2.043239
440.157061 2.047912
440.157061 2.047119
440.157061 2.047837
440.157061 2.067810
440.157061 2.077660
440.157061 2.074472
440.157061 2.081470
440.157061 2.089173
440.157061 2.101066
