4016.372965 10.965304
4016.372965 10.964617
4016.372965 10.966204
4016.372965 10.968770
4016.372965 10.965651
4016.372965 10.972875
4016.372965 10.968762
4016.372965 10.969633
4016.372965 10.972540
4016.372965 10.969517
4016.372965 10.971076
4016.372965 10.981437
4016.372965 10.972808
4016.372965 10.976592
4016.372965 10.980775
4016.372965 10.986870
4016.372965 10.989332
4016.372965 10.985993
4016.372965 10.981306
4016.372965 10.981140
4016.372965 10.992298
4016.372965 10.990113
4016.372965 10.991682
4016.372965 10.990358
4016.372965 10.998155
4016.372965 10.968207
4016.372965 11.792705
4016.372965 11.797764
4016.372965 11.826938
4016.372965 11.829069
4016.372965 11.828080
4016.372965 11.831472
4016.372965 11.833350
4016.372965 11.831229
4016.372965 11.843570
4016.372965 11.848506
4016.372965 11.848653
4016.372965 11.849770
4016.372965 11.850642
4016.372965 11.842811
4016.372965 11.846307
4016.372965 11.844146
4016.372965 11.843888
4016.372965 11.853828
4016.372965 11.847766
4016.372965 11.848848
4016.372965 11.854610
4016.372965 11.870224
