72.152596 1.153113
72.152596 1.154126
72.152596 1.153102
72.152596 1.152573
72.152596 1.153356
72.152596 1.153657
72.152596 1.153220
72.152596 1.153660
72.152596 1.153459
72.152596 1.153629
72.152596 1.154851
72.152596 1.152894
72.152596 1.152855
72.152596 1.156143
72.152596 1.152462
72.152596 1.156339
72.152596 1.156606
72.152596 1.158999
72.152596 1.157874
72.152596 1.156869
72.152596 1.159270
72.152596 1.158370
72.152596 1.157944
72.152596 1.158673
72.152596 1.158419
72.152596 1.159378
72.152596 1.158680
72.152596 1.159239
72.152596 1.160955
72.152596 1.164014
72.152596 1.170622
72.152596 1.165502
