349.711914 1.294459
349.711914 1.293983
349.711914 1.289827
349.711914 1.293028
349.711914 1.295879
349.711914 1.290949
349.711914 1.292956
349.711914 1.296654
349.711914 1.298979
349.711914 1.298307
349.711914 1.299668
349.711914 1.299000
349.711914 1.299864
349.711914 1.295889
349.711914 1.290350
349.711914 1.295826
349.711914 1.300215
349.711914 1.300712
349.711914 1.291318
349.711914 1.290451
349.711914 1.292656
349.711914 1.297940
349.711914 1.291504
349.711914 1.316225
349.711914 1.330720
349.711914 1.318993
349.711914 1.325241
349.711914 1.326936
349.711914 1.283472
349.711914 1.335568
349.711914 1.293535
349.711914 1.300045
