1021.704320 4.294889
1021.704320 4.296755
1021.704320 4.300325
1021.704320 4.302644
1021.704320 4.298929
1021.704320 4.300643
1021.704320 4.304462
1021.704320 4.314258
1021.704320 4.315356
1021.704320 4.300827
1021.704320 4.310205
1021.704320 4.318310
1021.704320 4.319767
1021.704320 4.316155
1021.704320 4.318924
1021.704320 4.320991
1021.704320 4.325972
1021.704320 4.324861
1021.704320 4.340742
1021.704320 4.300865
1021.704320 4.306994
1021.704320 4.365624
1021.704320 4.363134
1021.704320 4.380932
1021.704320 4.352923
1021.704320 4.362753
1021.704320 4.406193
1021.704320 4.420212
1021.704320 4.426426
1021.704320 4.440337
1021.704320 4.381618
1021.704320 4.503921
