544.731033 1.809655
544.731033 1.810858
544.731033 1.812343
544.731033 1.808698
544.731033 1.823566
544.731033 1.824682
544.731033 2.225567
544.731033 2.455127
544.731033 2.463236
544.731033 2.477490
544.731033 2.474822
544.731033 2.510595
544.731033 2.551154
544.731033 2.551396
544.731033 2.549548
544.731033 2.561134
544.731033 2.589431
544.731033 2.602941
544.731033 2.601060
544.731033 2.616803
544.731033 2.646747
544.731033 2.647199
544.731033 2.667423
544.731033 2.675709
544.731033 2.680180
544.731033 2.678860
544.731033 2.681066
544.731033 2.676329
544.731033 2.683977
544.731033 2.685459
544.731033 2.685374
544.731033 2.694605
544.731033 2.688731
544.731033 2.708631
544.731033 2.715559
544.731033 2.718523
544.731033 2.719476
544.731033 2.729430
544.731033 2.749477
544.731033 2.749738
544.731033 2.773968
544.731033 2.778355
544.731033 2.788331
544.731033 2.786597
544.731033 2.802863
544.731033 2.813798
544.731033 2.816040
544.444779 1.187075
544.444779 1.196001
544.444779 1.203507
