825.970066 1.830650
825.970066 1.832540
825.970066 1.829899
825.970066 1.830334
825.970066 1.830670
825.970066 1.837553
825.970066 2.146219
825.970066 2.451146
825.970066 2.460926
825.970066 2.463064
825.970066 2.527239
825.970066 2.576518
825.970066 2.577471
825.970066 2.578356
825.970066 2.580098
825.970066 2.594981
825.970066 2.595260
825.970066 2.635743
825.970066 2.654519
825.970066 2.663599
825.970066 2.683582
825.970066 2.678373
825.970066 2.680750
825.970066 2.684731
825.970066 2.689393
825.970066 2.684968
825.970066 2.683462
825.970066 2.684613
825.970066 2.696918
825.970066 2.700976
825.970066 2.708651
825.970066 2.710020
825.970066 2.709015
825.970066 2.712037
825.970066 2.719040
825.970066 2.714834
825.970066 2.725446
825.970066 2.740575
825.970066 2.793472
825.970066 2.797946
825.970066 2.795551
825.970066 2.796855
825.970066 2.801964
825.970066 2.801139
825.970066 2.802428
825.970066 2.805024
825.970066 3.000553
807.193364 1.216549
807.193364 1.310089
807.193364 1.346898
