1367.770915 1.898549
1367.770915 1.920660
1367.770915 1.920536
1367.770915 1.919269
1367.770915 1.921970
1367.770915 1.919370
1367.770915 1.919629
1367.770915 1.921800
1367.770915 1.917941
1367.770915 1.920099
1367.770915 1.923753
1367.770915 1.920645
1367.770915 1.924415
1367.770915 1.924644
1367.770915 1.924639
1367.770915 1.924887
1367.770915 1.921279
1367.770915 1.926258
1367.770915 1.925532
1367.770915 1.926284
1367.770915 1.928700
1367.770915 1.924426
1367.770915 1.928922
1367.770915 1.929346
1367.770915 1.924586
1367.770915 1.928059
1367.770915 1.930383
1367.770915 1.926025
1367.770915 1.928685
1367.770915 1.927276
1367.770915 1.926751
1367.770915 1.926695
1367.770915 1.926250
1367.770915 1.929868
1367.770915 1.928914
1367.770915 1.926497
1367.770915 1.927995
1367.770915 1.928964
1367.770915 1.929311
1367.770915 1.927335
1367.770915 1.930060
1367.770915 1.933228
1367.770915 1.929175
1367.770915 1.927240
1367.770915 1.931588
1367.770915 1.930854
1367.770915 1.933733
1367.770915 1.971844
