288.027235 1.826769
288.027235 1.824923
288.027235 1.857984
288.027235 1.860268
288.027235 1.862250
288.027235 1.859819
288.027235 1.862567
288.027235 1.862715
288.027235 1.860577
288.027235 1.861122
288.027235 1.860170
288.027235 1.860412
288.027235 1.864460
288.027235 1.866352
288.027235 1.865982
288.027235 1.860240
288.027235 1.864555
288.027235 1.867532
288.027235 1.862454
288.027235 1.864927
288.027235 1.867232
288.027235 1.867269
288.027235 1.866900
288.027235 1.865430
288.027235 1.864907
288.027235 1.869353
288.027235 1.867281
288.027235 1.863817
288.027235 1.865390
288.027235 1.868200
288.027235 1.867598
288.027235 1.871180
288.027235 1.866041
288.027235 1.869220
288.027235 1.866303
288.027235 1.871037
288.027235 1.868944
288.027235 1.866008
288.027235 1.866837
288.027235 1.868370
288.027235 1.867776
288.027235 1.867841
288.027235 1.869279
288.027235 1.866849
288.027235 1.866364
288.027235 1.859855
288.027235 1.871264
288.027235 1.871457
