2025.903581 36.800494
2025.903581 36.811112
2025.903581 36.808517
2025.903581 36.820419
2025.903581 36.814530
2025.903581 36.814947
2025.903581 36.817363
2025.903581 36.808012
2025.903581 36.828549
2025.903581 36.829823
2025.903581 36.834104
2025.903581 36.845450
2025.903581 36.844890
2025.903581 36.851530
2025.903581 36.853180
2025.903581 36.856201
2025.903581 36.859643
2025.903581 36.865089
2025.903581 36.875865
2025.903581 36.877222
2025.903581 36.891365
2025.903581 36.903588
2025.903581 36.896240
2025.903581 36.908661
2025.903581 36.930058
2025.903581 36.936185
2025.903581 36.916526
2025.903581 36.949223
2025.903581 36.989485
2025.903581 37.047769
2025.903581 37.073618
2025.903581 36.824264
