1338.527236 2.757527
1338.527236 2.766065
1338.527236 2.768100
1338.527236 2.762881
1338.527236 2.776067
1338.527236 2.770571
1338.527236 2.777019
1338.527236 3.463538
1338.527236 3.460258
1338.527236 3.490547
1338.527236 3.505910
1338.527236 3.519986
1338.527236 3.527023
1338.527236 3.579315
1338.527236 3.582386
1338.527236 3.585278
1338.527236 3.582257
1338.527236 3.647319
1338.527236 3.655139
1338.527236 3.668025
1338.527236 3.681558
1338.527236 3.676663
1338.527236 3.687574
1338.527236 3.684572
1338.527236 3.699441
1338.527236 3.703722
1338.527236 3.696525
1338.527236 3.703788
1338.527236 3.707188
1338.527236 3.705363
1338.527236 3.712617
1338.527236 3.715069
1338.527236 3.724451
1338.527236 3.730982
1338.527236 3.730940
1338.527236 3.737673
1338.527236 3.753978
1338.527236 3.757967
1338.527236 3.756584
1338.527236 3.767694
1338.527236 3.774037
1338.527236 3.796620
1338.527236 3.793718
1338.527236 3.830343
1338.527236 3.831044
1338.527236 3.832265
1338.527236 3.832142
1343.229161 1.813928
1343.229161 1.815189
1343.229161 1.846024
