1073.780729 2.827953
1073.780729 2.829004
1073.780729 2.831210
1073.780729 2.831325
1073.780729 2.829514
1073.780729 2.829053
1073.780729 2.936595
1073.780729 3.418102
1073.780729 3.502864
1073.780729 3.542055
1073.780729 3.548203
1073.780729 3.558171
1073.780729 3.554299
1073.780729 3.571386
1073.780729 3.572497
1073.780729 3.577306
1073.780729 3.645530
1073.780729 3.656970
1073.780729 3.656442
1073.780729 3.693228
1073.780729 3.724488
1073.780729 3.727298
1073.780729 3.734763
1073.780729 3.749471
1073.780729 3.758890
1073.780729 3.766046
1073.780729 3.762052
1073.780729 3.760052
1073.780729 3.763739
1073.780729 3.772228
1073.780729 3.774955
1073.780729 3.787087
1073.780729 3.785084
1073.780729 3.790928
1073.780729 3.789798
1073.780729 3.796848
1073.780729 3.803953
1073.780729 3.804727
1073.780729 3.808704
1073.780729 3.806407
1073.780729 3.818278
1073.780729 3.846045
1073.780729 3.858139
1073.780729 3.902641
1073.780729 3.901180
1073.780729 3.889760
1073.780729 3.909687
1070.111491 1.787338
1070.111491 1.793120
1070.111491 1.820516
