494.768910 33.500005
494.768910 33.511320
494.768910 33.547073
494.768910 33.552179
494.768910 33.557841
494.768910 33.570186
494.768910 33.574289
494.768910 33.566501
494.768910 33.588724
494.768910 33.585625
494.768910 33.568564
494.768910 33.661411
494.768910 33.679909
494.768910 33.691474
494.768910 33.676923
494.768910 33.702429
494.768910 33.704607
494.768910 33.723236
494.768910 33.730137
494.768910 33.733920
494.768910 33.745004
494.768910 33.749359
494.768910 33.812966
494.768910 33.942891
494.768910 34.038491
494.768910 34.081964
494.768910 34.112304
494.768910 34.038754
494.768910 34.369394
494.768910 34.492133
494.768910 34.538868
494.768910 34.592509
