2535.021078 2.778367
2535.021078 2.819103
2535.021078 2.818555
2535.021078 2.825914
2535.021078 2.821007
2535.021078 2.819362
2535.021078 2.820978
2535.021078 3.504797
2535.021078 3.535944
2535.021078 3.541381
2535.021078 3.548306
2535.021078 3.568853
2535.021078 3.578324
2535.021078 3.605818
2535.021078 3.623027
2535.021078 3.624156
2535.021078 3.638456
2535.021078 3.707500
2535.021078 3.714788
2535.021078 3.726528
2535.021078 3.730070
2535.021078 3.730746
2535.021078 3.732853
2535.021078 3.734305
2535.021078 3.736733
2535.021078 3.747931
2535.021078 3.747996
2535.021078 3.754151
2535.021078 3.773523
2535.021078 3.771615
2535.021078 3.775059
2535.021078 3.776538
2535.021078 3.777942
2535.021078 3.785700
2535.021078 3.784432
2535.021078 3.786083
2535.021078 3.797073
2535.021078 3.798730
2535.021078 3.817034
2535.021078 3.825780
2535.021078 3.826507
2535.021078 3.831877
2535.021078 3.831098
2535.021078 3.856532
2535.021078 3.856007
2535.021078 3.898319
2535.021078 3.901176
2883.227124 1.824632
2883.227124 1.830647
2883.227124 1.832374
