3403.304555 2.457917
3403.304555 3.427043
3403.304555 3.782905
3403.304555 3.797872
3403.304555 3.792764
3403.304555 4.106175
3403.304555 4.436891
3403.304555 4.459606
3403.304555 4.550922
3403.304555 4.560184
3403.304555 4.560366
3403.304555 4.560333
3403.304555 4.571820
3403.304555 4.585861
3403.304555 4.585950
3403.304555 4.612957
3403.304555 4.652276
3403.304555 4.717001
3403.304555 4.714237
3403.304555 4.720513
3403.304555 4.732352
3403.304555 4.749927
3403.304555 4.769536
3403.304555 4.773662
3403.304555 4.771139
3403.304555 4.770392
3403.304555 4.784739
3403.304555 4.788890
3403.304555 4.787209
3403.304555 4.806516
3403.304555 4.805514
3403.304555 4.805827
3403.304555 4.811703
3403.304555 4.817392
3403.304555 4.812753
3403.304555 4.815403
3403.304555 4.824520
3403.304555 4.825698
3403.304555 4.835007
3403.304555 4.843483
3403.304555 4.846268
3403.304555 4.845646
3403.304555 4.851455
3403.304555 4.854747
3403.304555 4.863608
3403.304555 4.874414
3403.304555 4.881311
3422.084109 2.492213
3422.084109 2.494389
3422.084109 2.499304
