4099.848602 3.311178
4099.848602 3.674208
4099.848602 3.799894
4099.848602 3.799601
4099.848602 3.802281
4099.848602 3.796616
4099.848602 3.801879
4099.848602 4.390964
4099.848602 4.472203
4099.848602 4.483725
4099.848602 4.514746
4099.848602 4.562253
4099.848602 4.557378
4099.848602 4.561690
4099.848602 4.587249
4099.848602 4.640290
4099.848602 4.647603
4099.848602 4.655148
4099.848602 4.674002
4099.848602 4.719679
4099.848602 4.740569
4099.848602 4.746472
4099.848602 4.754316
4099.848602 4.777025
4099.848602 4.774195
4099.848602 4.792553
4099.848602 4.791983
4099.848602 4.785956
4099.848602 4.806061
4099.848602 4.812342
4099.848602 4.812533
4099.848602 4.815822
4099.848602 4.813738
4099.848602 4.813256
4099.848602 4.827106
4099.848602 4.828068
4099.848602 4.822796
4099.848602 4.820856
4099.848602 4.830841
4099.848602 4.833854
4099.848602 4.838959
4099.848602 4.846627
4099.848602 4.865236
4099.848602 4.884914
4099.848602 4.880828
4099.848602 4.921508
4099.848602 4.919985
4616.206828 2.457120
4616.206828 2.460421
4616.206828 2.465427
