2639.708211 24.315299
2639.708211 24.324794
2639.708211 24.322887
2639.708211 24.325592
2639.708211 24.317322
2639.708211 24.326320
2639.708211 24.327055
2639.708211 24.325084
2639.708211 24.336452
2639.708211 24.323071
2639.708211 24.328189
2639.708211 24.340299
2639.708211 24.333887
2639.708211 24.343545
2639.708211 24.336425
2639.708211 24.329368
2639.708211 24.347168
2639.708211 24.350547
2639.708211 24.354284
2639.708211 24.356750
2639.708211 24.357533
2639.708211 24.360548
2639.708211 24.367077
2639.708211 24.351640
2639.708211 24.372440
2639.708211 24.371299
2639.708211 24.379573
2639.708211 24.401206
2639.708211 24.409469
2639.708211 24.409851
2639.708211 24.466629
2639.708211 24.473082
