1556.725140 67.145220
1556.725140 67.111504
1556.725140 67.161058
1556.725140 67.199060
1556.725140 67.172080
1556.725140 67.341941
1556.725140 67.196018
1556.725140 67.307730
1556.725140 67.418388
1556.725140 67.435982
1556.725140 67.413023
1556.725140 67.466251
1556.725140 67.176127
1556.725140 67.519589
1556.725140 67.453692
1556.725140 67.382665
1556.725140 67.580948
1556.725140 67.573669
1556.725140 67.631872
1556.725140 67.644251
1556.725140 67.583942
1556.725140 67.607594
1556.725140 67.328010
1556.725140 67.874400
1556.725140 67.793057
1556.725140 68.141697
1556.725140 68.115372
1556.725140 68.154014
1556.725140 68.828278
1556.725140 69.160661
1556.725140 69.244468
1556.725140 69.472393
