771.441170 42.271624
771.441170 42.289072
771.441170 42.292330
771.441170 42.292056
771.441170 42.290416
771.441170 42.285736
771.441170 42.293405
771.441170 42.298236
771.441170 42.305997
771.441170 42.310920
771.441170 42.319050
771.441170 42.306037
771.441170 42.326302
771.441170 42.336443
771.441170 42.334833
771.441170 42.349332
771.441170 42.344940
771.441170 42.316595
771.441170 42.373766
771.441170 42.373585
771.441170 42.374497
771.441170 42.397342
771.441170 42.389791
771.441170 42.401893
771.441170 42.430626
771.441170 42.415113
771.441170 42.454154
771.441170 42.459816
771.441170 42.455251
771.441170 42.456668
771.441170 42.481498
771.441170 42.490619
