1155.531827 4.193258
1155.531827 4.802442
1155.531827 4.801784
1155.531827 4.816104
1155.531827 4.819643
1155.531827 4.836355
1155.531827 4.834224
1155.531827 5.369800
1155.531827 5.415048
1155.531827 5.582680
1155.531827 5.601542
1155.531827 5.609655
1155.531827 5.606250
1155.531827 5.615027
1155.531827 5.647609
1155.531827 5.666030
1155.531827 5.703851
1155.531827 5.712058
1155.531827 5.716174
1155.531827 5.733279
1155.531827 5.732501
1155.531827 5.735406
1155.531827 5.804315
1155.531827 5.808809
1155.531827 5.808887
1155.531827 5.812855
1155.531827 5.833517
1155.531827 5.840824
1155.531827 5.846392
1155.531827 5.855172
1155.531827 5.850945
1155.531827 5.857313
1155.531827 5.864361
1155.531827 5.871108
1155.531827 5.885162
1155.531827 5.900671
1155.531827 5.903403
1155.531827 5.897911
1155.531827 5.897082
1155.531827 5.907451
1155.531827 5.913292
1155.531827 5.918629
1155.531827 5.926095
1155.531827 5.943568
1155.531827 5.938828
1155.531827 5.960407
1155.531827 5.957178
1222.724755 3.061030
1222.724755 3.060945
1222.724755 3.095792
