4776.073653 5.071282
4776.073653 5.071903
4776.073653 5.070933
4776.073653 5.074627
4776.073653 5.076420
4776.073653 5.077909
4776.073653 5.077053
4776.073653 5.078081
4776.073653 5.074998
4776.073653 5.077393
4776.073653 5.073928
4776.073653 5.078001
4776.073653 5.077411
4776.073653 5.080252
4776.073653 5.077510
4776.073653 5.082312
4776.073653 5.080039
4776.073653 5.077996
4776.073653 5.078510
4776.073653 5.076410
4776.073653 5.081176
4776.073653 5.079268
4776.073653 5.077790
4776.073653 5.080998
4776.073653 5.082099
4776.073653 5.079071
4776.073653 5.085056
4776.073653 5.085073
4776.073653 5.082684
4776.073653 5.083317
4776.073653 5.084289
4776.073653 5.087860
4776.073653 5.080110
4776.073653 5.084255
4776.073653 5.083772
4776.073653 5.081370
4776.073653 5.081118
4776.073653 5.084388
4776.073653 5.082443
4776.073653 5.084620
4776.073653 5.085662
4776.073653 5.091792
4776.073653 5.087227
4776.073653 5.088245
4776.073653 5.096904
4776.073653 5.097042
4776.073653 5.097948
4776.073653 5.097848
