2261.043004 76.367999
2261.043004 76.312471
2261.043004 76.411082
2261.043004 76.364553
2261.043004 76.492564
2261.043004 76.414772
2261.043004 76.386101
2261.043004 76.680211
2261.043004 76.680246
2261.043004 76.709742
2261.043004 76.530861
2261.043004 76.699082
2261.043004 76.628632
2261.043004 76.810117
2261.043004 76.813761
2261.043004 76.763936
2261.043004 76.954278
2261.043004 76.939351
2261.043004 76.998238
2261.043004 76.615121
2261.043004 77.393514
2261.043004 77.577271
2261.043004 77.435965
2261.043004 77.636532
2261.043004 77.639525
2261.043004 77.524468
2261.043004 77.527077
2261.043004 77.648796
2261.043004 78.470647
2261.043004 78.820444
2261.043004 78.666714
2261.043004 78.916145
