3306.841187 121.907036
3306.841187 122.077781
3306.841187 122.090615
3306.841187 122.121209
3306.841187 122.095565
3306.841187 122.099730
3306.841187 122.171601
3306.841187 122.176914
3306.841187 122.189599
3306.841187 122.176227
3306.841187 122.170695
3306.841187 122.218136
3306.841187 122.223866
3306.841187 122.220429
3306.841187 122.209961
3306.841187 122.231785
3306.841187 122.240400
3306.841187 122.266743
3306.841187 122.274479
3306.841187 122.289206
3306.841187 122.294982
3306.841187 122.299159
3306.841187 122.317623
3306.841187 122.365244
3306.841187 122.360130
3306.841187 122.374544
3306.841187 122.428639
3306.841187 122.445858
3306.841187 122.615488
3306.841187 123.262175
3306.841187 123.306346
3306.841187 124.831233
