6320.955160 21.335875
6320.955160 21.337655
6320.955160 21.343560
6320.955160 21.344542
6320.955160 21.343941
6320.955160 21.347213
6320.955160 21.345702
6320.955160 21.341341
6320.955160 21.348293
6320.955160 21.343836
6320.955160 21.350367
6320.955160 21.352222
6320.955160 21.352909
6320.955160 21.367544
6320.955160 21.365305
6320.955160 21.360186
6320.955160 21.369885
6320.955160 21.372164
6320.955160 21.362632
6320.955160 21.363642
6320.955160 21.366979
6320.955160 21.359854
6320.955160 21.369152
6320.955160 21.372728
6320.955160 21.350210
6320.955160 21.391556
6320.955160 21.402539
6320.955160 21.405321
6320.955160 21.401751
6320.955160 21.409972
6320.955160 21.413833
6320.955160 21.490335
