1813.355631 3.876309
1813.355631 5.948706
1813.355631 5.949040
1813.355631 5.954348
1813.355631 5.959694
1813.355631 6.071025
1813.355631 6.088252
1813.355631 6.717567
1813.355631 6.733964
1813.355631 6.750584
1813.355631 6.752425
1813.355631 6.751217
1813.355631 6.759093
1813.355631 6.773488
1813.355631 6.774796
1813.355631 6.806583
1813.355631 6.826738
1813.355631 6.897386
1813.355631 6.954640
1813.355631 6.954592
1813.355631 6.972900
1813.355631 6.980034
1813.355631 6.996473
1813.355631 7.001799
1813.355631 7.000751
1813.355631 7.009335
1813.355631 7.008362
1813.355631 7.012096
1813.355631 7.017471
1813.355631 7.018945
1813.355631 7.024664
1813.355631 7.034217
1813.355631 7.037546
1813.355631 7.043586
1813.355631 7.044356
1813.355631 7.047295
1813.355631 7.046757
1813.355631 7.044173
1813.355631 7.051086
1813.355631 7.052458
1813.355631 7.062013
1813.355631 7.088364
1813.355631 7.099441
1813.355631 7.100826
1813.355631 7.108812
1813.355631 7.108081
1813.355631 7.106088
1666.461486 3.716388
1666.461486 3.751025
1666.461486 3.788599
