5300.662744 6.170523
5300.662744 6.171997
5300.662744 6.619238
5300.662744 6.615938
5300.662744 6.621784
5300.662744 6.618918
5300.662744 6.907309
5300.662744 6.908642
5300.662744 6.907509
5300.662744 6.913267
5300.662744 6.912384
5300.662744 6.910642
5300.662744 6.920019
5300.662744 6.912916
5300.662744 6.924186
5300.662744 6.922889
5300.662744 6.924874
5300.662744 6.918822
5300.662744 6.932985
5300.662744 6.928509
5300.662744 6.943373
5300.662744 6.944197
5300.662744 6.948838
5300.662744 6.956280
5300.662744 7.033886
5300.662744 7.034389
5300.662744 7.052564
5300.662744 7.059553
5300.662744 7.056830
5300.662744 7.059166
5300.662744 7.051499
5300.662744 7.069203
5300.662744 7.063367
5300.662744 7.062027
5300.662744 7.066743
5300.662744 7.071253
5300.662744 7.073626
5300.662744 7.077830
5300.662744 7.081487
5300.662744 7.074173
5300.662744 7.077459
5300.662744 7.087159
5300.662744 7.077236
5300.662744 7.090078
5300.662744 7.082131
5300.662744 7.088055
5300.662744 7.086031
5300.662744 7.095539
