3406.779898 6.145168
3406.779898 6.144962
3406.779898 6.724837
3406.779898 6.723184
3406.779898 6.730107
3406.779898 6.729751
3406.779898 6.766674
3406.779898 6.770561
3406.779898 6.771287
3406.779898 6.776801
3406.779898 6.777027
3406.779898 6.776073
3406.779898 6.790357
3406.779898 6.786619
3406.779898 6.793028
3406.779898 6.789267
3406.779898 6.798766
3406.779898 6.794521
3406.779898 6.799379
3406.779898 6.798204
3406.779898 6.811505
3406.779898 6.806211
3406.779898 6.824273
3406.779898 6.824766
3406.779898 6.870159
3406.779898 6.873440
3406.779898 6.881561
3406.779898 6.882089
3406.779898 6.913897
3406.779898 6.923354
3406.779898 6.923429
3406.779898 6.917765
3406.779898 6.921747
3406.779898 6.924031
3406.779898 6.920831
3406.779898 6.930775
3406.779898 6.931525
3406.779898 6.923214
3406.779898 6.927853
3406.779898 6.931173
3406.779898 6.934780
3406.779898 6.933456
3406.779898 6.942566
3406.779898 6.938466
3406.779898 6.941437
3406.779898 6.955740
3406.779898 6.970953
3406.779898 6.966674
