6077.984771 70.245136
6077.984771 70.269726
6077.984771 70.329508
6077.984771 70.331533
6077.984771 70.354628
6077.984771 70.373857
6077.984771 70.380428
6077.984771 70.393002
6077.984771 70.360654
6077.984771 70.602617
6077.984771 70.638377
6077.984771 70.630534
6077.984771 70.649679
6077.984771 70.670323
6077.984771 70.691459
6077.984771 70.722838
6077.984771 70.736828
6077.984771 70.866909
6077.984771 70.873585
6077.984771 71.043478
6077.984771 70.510468
6077.984771 71.529437
6077.984771 71.597337
6077.984771 71.629185
6077.984771 71.675804
6077.984771 71.703220
6077.984771 72.081930
6077.984771 72.327147
6077.984771 72.359282
6077.984771 72.374856
6077.984771 72.600821
6077.984771 72.647368
