7535.088174 182.552645
7535.088174 192.340074
7535.088174 187.369012
7535.088174 186.928240
7535.088174 188.070370
7535.088174 184.146591
7535.088174 188.352172
7535.088174 187.047114
7535.088174 179.552255
7535.088174 173.886451
7535.088174 184.948107
7535.088174 179.817765
7535.088174 187.389498
7535.088174 191.834805
7535.088174 190.718937
7535.088174 190.349940
7535.088174 194.198298
7535.088174 190.204131
7535.088174 191.368350
7535.088174 197.022269
7535.088174 181.612905
7535.088174 194.035298
7535.088174 197.208695
7535.088174 189.314550
7535.088174 188.676298
7535.088174 194.151529
7535.088174 177.329006
7535.088174 196.816548
