10493.229730 92.779411
10493.229730 92.077785
10493.229730 92.298638
10493.229730 93.635348
10493.229730 93.977125
10493.229730 93.259128
10493.229730 93.764822
10493.229730 94.773783
10493.229730 93.800490
10493.229730 93.836592
10493.229730 93.340104
10493.229730 94.737154
10493.229730 92.771894
10493.229730 93.870493
10493.229730 94.646250
10493.229730 94.558316
10493.229730 94.708680
10493.229730 96.004747
10493.229730 93.693147
10493.229730 94.594993
10493.229730 94.335058
10493.229730 96.950506
10493.229730 95.969675
10493.229730 96.219690
10493.229730 96.272188
10493.229730 95.910175
10493.229730 95.208605
10493.229730 92.042712
10493.229730 96.025006
10493.229730 95.561121
10493.229730 92.325440
10493.229730 94.951684
