4430.894496 5.798261
4430.894496 7.224496
4430.894496 7.230882
4430.894496 7.236100
4430.894496 7.229332
4430.894496 7.239216
4430.894496 7.247772
4430.894496 7.489121
4430.894496 7.512686
4430.894496 8.013528
4430.894496 8.013622
4430.894496 8.013313
4430.894496 8.028976
4430.894496 8.043718
4430.894496 8.044524
4430.894496 8.049555
4430.894496 8.058539
4430.894496 8.064515
4430.894496 8.108864
4430.894496 8.125817
4430.894496 8.134079
4430.894496 8.148086
4430.894496 8.149922
4430.894496 8.225268
4430.894496 8.228374
4430.894496 8.232456
4430.894496 8.237472
4430.894496 8.242081
4430.894496 8.243977
4430.894496 8.264119
4430.894496 8.258146
4430.894496 8.266661
4430.894496 8.274045
4430.894496 8.274213
4430.894496 8.278816
4430.894496 8.252712
4430.894496 8.280796
4430.894496 8.277560
4430.894496 8.283130
4430.894496 8.283526
4430.894496 8.291839
4430.894496 8.290665
4430.894496 8.296042
4430.894496 8.312029
4430.894496 8.336808
4430.894496 8.471121
4430.894496 8.471346
4165.156528 4.548935
4165.156528 4.568521
4165.156528 4.718385
