7837.814886 115.836370
7837.814886 115.928356
7837.814886 116.169786
7837.814886 116.162957
7837.814886 116.194760
7837.814886 116.169656
7837.814886 116.233099
7837.814886 116.242581
7837.814886 116.254075
7837.814886 116.230550
7837.814886 116.283357
7837.814886 116.283928
7837.814886 116.298946
7837.814886 116.308011
7837.814886 116.294835
7837.814886 116.336724
7837.814886 116.368973
7837.814886 116.414878
7837.814886 116.422864
7837.814886 116.417778
7837.814886 116.425026
7837.814886 116.443430
7837.814886 116.457718
7837.814886 116.505040
7837.814886 116.588496
7837.814886 116.590504
7837.814886 116.618532
7837.814886 116.634856
7837.814886 116.539745
7837.814886 116.716932
7837.814886 116.778167
7837.814886 116.777206
