2319.376126 7.192991
2319.376126 7.185664
2319.376126 7.207850
2319.376126 7.205673
2319.376126 7.208930
2319.376126 7.209160
2319.376126 7.219028
2319.376126 7.218250
2319.376126 7.822604
2319.376126 7.819294
2319.376126 7.877731
2319.376126 7.887185
2319.376126 7.927088
2319.376126 7.923877
2319.376126 7.937504
2319.376126 7.940154
2319.376126 7.941146
2319.376126 7.937600
2319.376126 7.936379
2319.376126 7.945153
2319.376126 7.953580
2319.376126 7.952817
2319.376126 7.974822
2319.376126 7.970996
2319.376126 8.041599
2319.376126 8.036853
2319.376126 8.037930
2319.376126 8.047179
2319.376126 8.042985
2319.376126 8.044740
2319.376126 8.058056
2319.376126 8.054018
2319.376126 8.075908
2319.376126 8.075451
2319.376126 8.088246
2319.376126 8.080976
2319.376126 8.082712
2319.376126 8.091073
2319.376126 8.087671
2319.376126 8.092140
2319.376126 8.096113
2319.376126 8.104314
2319.376126 8.097249
2319.376126 8.108725
2319.376126 8.102025
2319.376126 8.105854
2319.376126 8.112069
2319.376126 8.115344
