5858.856722 155.722433
5858.856722 155.738244
5858.856722 155.761917
5858.856722 155.837029
5858.856722 155.833362
5858.856722 155.855667
5858.856722 155.859900
5858.856722 155.881752
5858.856722 155.919319
5858.856722 155.941990
5858.856722 155.970415
5858.856722 155.866562
5858.856722 156.029039
5858.856722 156.083197
5858.856722 156.107336
5858.856722 156.104359
5858.856722 156.170355
5858.856722 156.188631
5858.856722 156.209132
5858.856722 156.043883
5858.856722 156.224442
5858.856722 156.235762
5858.856722 156.255875
5858.856722 156.254745
5858.856722 156.254318
5858.856722 156.315826
5858.856722 156.335730
5858.856722 156.326737
5858.856722 156.507889
5858.856722 156.492100
5858.856722 156.585743
5858.856722 156.986979
