12889.781259 6.614897
12889.781259 8.449617
12889.781259 8.450562
12889.781259 8.460129
12889.781259 8.463017
12889.781259 8.461817
12889.781259 8.462983
12889.781259 8.575680
12889.781259 8.623167
12889.781259 9.256531
12889.781259 9.256983
12889.781259 9.258618
12889.781259 9.279493
12889.781259 9.292975
12889.781259 9.285620
12889.781259 9.289219
12889.781259 9.290815
12889.781259 9.299249
12889.781259 9.305461
12889.781259 9.339224
12889.781259 9.336838
12889.781259 9.427019
12889.781259 9.439249
12889.781259 9.480515
12889.781259 9.500878
12889.781259 9.507247
12889.781259 9.500691
12889.781259 9.511058
12889.781259 9.519595
12889.781259 9.517993
12889.781259 9.522635
12889.781259 9.530202
12889.781259 9.529889
12889.781259 9.526629
12889.781259 9.533779
12889.781259 9.541624
12889.781259 9.540703
12889.781259 9.548685
12889.781259 9.547429
12889.781259 9.552917
12889.781259 9.541860
12889.781259 9.555327
12889.781259 9.567663
12889.781259 9.569544
12889.781259 9.576762
12889.781259 9.575875
12889.781259 9.572277
11204.185182 5.319376
11204.185182 5.323040
11204.185182 5.324933
