2523.583655 6.522658
2523.583655 7.791755
2523.583655 8.362559
2523.583655 8.367133
2523.583655 8.375194
2523.583655 8.370497
2523.583655 8.379284
2523.583655 8.487362
2523.583655 8.960750
2523.583655 9.138387
2523.583655 9.138547
2523.583655 9.155662
2523.583655 9.174513
2523.583655 9.178377
2523.583655 9.172397
2523.583655 9.183104
2523.583655 9.192701
2523.583655 9.200328
2523.583655 9.200374
2523.583655 9.236961
2523.583655 9.263961
2523.583655 9.261950
2523.583655 9.270422
2523.583655 9.348697
2523.583655 9.376286
2523.583655 9.383397
2523.583655 9.381915
2523.583655 9.385583
2523.583655 9.400849
2523.583655 9.413262
2523.583655 9.408850
2523.583655 9.413304
2523.583655 9.410582
2523.583655 9.410289
2523.583655 9.418129
2523.583655 9.412213
2523.583655 9.417669
2523.583655 9.426438
2523.583655 9.444672
2523.583655 9.451668
2523.583655 9.466036
2523.583655 9.467954
2523.583655 9.460561
2523.583655 9.462238
2523.583655 9.467065
2523.583655 9.462805
2523.583655 9.515027
2850.512335 5.285370
2850.512335 5.292143
2850.512335 5.310879
