7897.579419 8.472670
7897.579419 8.477861
7897.579419 8.479387
7897.579419 8.480093
7897.579419 8.486058
7897.579419 8.482052
7897.579419 8.484846
7897.579419 8.491776
7897.579419 8.489682
7897.579419 8.490087
7897.579419 8.494302
7897.579419 8.493886
7897.579419 8.491470
7897.579419 8.493162
7897.579419 8.494937
7897.579419 8.505922
7897.579419 8.499066
7897.579419 8.505681
7897.579419 8.513622
7897.579419 8.480040
7897.579419 8.587926
7897.579419 8.583111
7897.579419 8.625409
7897.579419 8.625833
7897.579419 9.286573
7897.579419 9.286112
7897.579419 9.366401
7897.579419 9.375068
7897.579419 9.372644
7897.579419 9.378703
7897.579419 9.372166
7897.579419 9.373499
7897.579419 9.381309
7897.579419 9.377240
7897.579419 9.382477
7897.579419 9.381837
7897.579419 9.378473
7897.579419 9.383053
7897.579419 9.391518
7897.579419 9.383235
7897.579419 9.386539
7897.579419 9.385875
7897.579419 9.379844
7897.579419 9.401601
7897.579419 9.378444
7897.579419 9.402158
7897.579419 9.410066
7897.579419 9.411668
