10505.877590 114.998747
10505.877590 115.319055
10505.877590 115.328135
10505.877590 115.367131
10505.877590 115.358858
10505.877590 115.357188
10505.877590 115.399868
10505.877590 115.386004
10505.877590 115.419894
10505.877590 115.426041
10505.877590 115.446648
10505.877590 115.474378
10505.877590 115.476276
10505.877590 115.502023
10505.877590 115.524790
10505.877590 115.526503
10505.877590 115.546806
10505.877590 115.520071
10505.877590 115.572003
10505.877590 115.554701
10505.877590 115.647678
10505.877590 115.530912
10505.877590 115.710575
10505.877590 115.714119
10505.877590 115.777952
10505.877590 115.817450
10505.877590 115.837472
10505.877590 115.834862
10505.877590 115.843874
10505.877590 115.895457
10505.877590 116.118938
10505.877590 116.220879
