5310.980433 8.451870
5310.980433 8.452890
5310.980433 8.456562
5310.980433 8.453688
5310.980433 8.460954
5310.980433 8.457988
5310.980433 8.465741
5310.980433 8.463173
5310.980433 8.463041
5310.980433 8.465017
5310.980433 8.464276
5310.980433 8.474292
5310.980433 8.470731
5310.980433 8.471540
5310.980433 8.474380
5310.980433 8.483864
5310.980433 8.511020
5310.980433 8.510256
5310.980433 8.526895
5310.980433 8.524255
5310.980433 8.564381
5310.980433 8.564070
5310.980433 8.627929
5310.980433 8.626414
5310.980433 9.334550
5310.980433 9.337762
5310.980433 9.337906
5310.980433 9.334586
5310.980433 9.333673
5310.980433 9.334156
5310.980433 9.343381
5310.980433 9.346032
5310.980433 9.342801
5310.980433 9.337606
5310.980433 9.343632
5310.980433 9.341651
5310.980433 9.344122
5310.980433 9.356168
5310.980433 9.357323
5310.980433 9.363481
5310.980433 9.356399
5310.980433 9.348991
5310.980433 9.359536
5310.980433 9.364434
5310.980433 9.328795
5310.980433 9.375435
5310.980433 9.394866
5310.980433 9.404404
