9696.016306 7.356642
9696.016306 9.454757
9696.016306 9.641532
9696.016306 9.653792
9696.016306 9.652832
9696.016306 9.644246
9696.016306 9.656642
9696.016306 9.659475
9696.016306 9.668359
9696.016306 10.202007
9696.016306 10.383753
9696.016306 10.404797
9696.016306 10.452831
9696.016306 10.458004
9696.016306 10.454634
9696.016306 10.467894
9696.016306 10.463596
9696.016306 10.483099
9696.016306 10.486372
9696.016306 10.492545
9696.016306 10.554179
9696.016306 10.562735
9696.016306 10.599612
9696.016306 10.619240
9696.016306 10.666356
9696.016306 10.669857
9696.016306 10.676740
9696.016306 10.688522
9696.016306 10.695380
9696.016306 10.701409
9696.016306 10.701647
9696.016306 10.708268
9696.016306 10.705357
9696.016306 10.710724
9696.016306 10.709655
9696.016306 10.702755
9696.016306 10.702463
9696.016306 10.711926
9696.016306 10.714166
9696.016306 10.721348
9696.016306 10.721478
9696.016306 10.727231
9696.016306 10.737770
9696.016306 10.747988
9696.016306 10.765383
9696.016306 10.815840
9696.016306 10.830879
9553.556866 6.088178
9553.556866 6.090288
9553.556866 6.095838
