3382.223715 121.591991
3382.223715 121.648343
3382.223715 121.661190
3382.223715 121.684856
3382.223715 121.672548
3382.223715 121.705031
3382.223715 121.704183
3382.223715 121.719154
3382.223715 121.766046
3382.223715 121.765224
3382.223715 121.764722
3382.223715 121.746017
3382.223715 121.771095
3382.223715 121.803163
3382.223715 121.815123
3382.223715 121.833343
3382.223715 121.840263
3382.223715 121.852753
3382.223715 121.895794
3382.223715 121.891514
3382.223715 121.939381
3382.223715 121.983780
3382.223715 121.851698
3382.223715 122.000709
3382.223715 122.001237
3382.223715 122.021242
3382.223715 122.054796
3382.223715 122.066675
3382.223715 122.128235
3382.223715 122.444624
3382.223715 122.562476
3382.223715 122.561477
