11954.849615 239.726259
11954.849615 240.136135
11954.849615 231.466010
11954.849615 234.649654
11954.849615 234.247734
11954.849615 245.179047
11954.849615 246.262652
11954.849615 246.424987
11954.849615 246.010652
11954.849615 248.703079
11954.849615 249.496916
11954.849615 244.855322
11954.849615 230.788377
11954.849615 240.776506
11954.849615 249.388966
11954.849615 250.503528
11954.849615 247.203787
11954.849615 244.668471
11954.849615 247.170761
11954.849615 245.551969
11954.849615 246.637369
11954.849615 242.509450
11954.849615 244.132020
11954.849615 243.244747
11954.849615 242.826983
11954.849615 240.770315
11954.849615 244.477587
