6400.029646 172.086838
6400.029646 172.422548
6400.029646 170.554212
6400.029646 172.507362
6400.029646 169.408888
6400.029646 169.771481
6400.029646 172.711036
6400.029646 168.273860
6400.029646 167.296268
6400.029646 175.973124
6400.029646 173.135395
6400.029646 171.614038
6400.029646 171.902929
6400.029646 168.544606
6400.029646 166.869154
6400.029646 168.194724
6400.029646 167.640301
6400.029646 170.313020
6400.029646 170.585456
6400.029646 173.323058
6400.029646 167.309769
6400.029646 176.068500
6400.029646 167.016876
6400.029646 169.556811
6400.029646 174.561336
6400.029646 162.016184
6400.029646 169.631925
6400.029646 174.138777
6400.029646 160.882508
6400.029646 174.172046
