16217.154417 124.404686
16217.154417 124.418630
16217.154417 124.433992
16217.154417 124.448085
16217.154417 124.459655
16217.154417 124.462213
16217.154417 124.475580
16217.154417 124.457625
16217.154417 124.462261
16217.154417 124.498937
16217.154417 124.510565
16217.154417 124.520425
16217.154417 124.538712
16217.154417 124.521537
16217.154417 124.527684
16217.154417 124.546536
16217.154417 124.578747
16217.154417 124.552860
16217.154417 124.623147
16217.154417 124.656979
16217.154417 124.779052
16217.154417 124.647408
16217.154417 124.863767
16217.154417 124.901056
16217.154417 124.939310
16217.154417 124.979036
16217.154417 125.021183
16217.154417 125.028394
16217.154417 125.025659
16217.154417 125.105905
16217.154417 125.124976
16217.154417 125.124415
