param1 param2 Fitness
10 0.500000 496.364962
10 1.000000 484.983596
10 1.500000 452.587126
10 2.000000 486.298875
10 2.500000 441.484986
10 3.000000 496.364962
10 3.500000 493.103183
10 4.000000 463.968492
10 4.500000 489.245788
10 5.000000 479.712287
10 5.500000 493.103183
10 6.000000 479.527545
10 6.500000 467.680241
10 7.000000 467.680241
10 7.500000 467.680241
10 8.000000 476.469439
10 8.500000 469.780870
10 9.000000 494.418462
10 9.500000 441.484986
20 0.500000 441.484986
20 1.000000 438.073188
20 1.500000 441.484986
20 2.000000 441.484986
20 2.500000 441.484986
20 3.000000 441.484986
20 3.500000 441.484986
20 4.000000 441.484986
20 4.500000 441.484986
20 5.000000 441.484986
20 5.500000 441.484986
20 6.000000 441.484986
20 6.500000 441.484986
20 7.000000 441.484986
20 7.500000 441.484986
20 8.000000 450.592039
20 8.500000 458.978814
20 9.000000 441.484986
20 9.500000 441.484986
30 0.500000 465.513148
30 1.000000 452.789391
30 1.500000 441.484986
30 2.000000 441.484986
30 2.500000 441.484986
30 3.000000 441.484986
30 3.500000 441.484986
30 4.000000 441.484986
30 4.500000 441.484986
30 5.000000 441.484986
30 5.500000 441.484986
30 6.000000 441.484986
30 6.500000 441.484986
30 7.000000 441.484986
30 7.500000 460.494639
30 8.000000 460.494639
30 8.500000 460.494639
30 9.000000 460.494639
30 9.500000 427.717013
40 0.500000 438.073188
40 1.000000 463.968492
40 1.500000 467.380290
40 2.000000 467.380290
40 2.500000 455.998925
40 3.000000 467.380290
40 3.500000 455.743099
40 4.000000 425.810137
40 4.500000 441.484986
40 5.000000 441.484986
40 5.500000 441.484986
40 6.000000 441.484986
40 6.500000 441.484986
40 7.000000 441.484986
40 7.500000 441.484986
40 8.000000 425.810137
40 8.500000 425.810137
40 9.000000 467.380290
40 9.500000 425.810137
50 0.500000 441.484986
50 1.000000 441.484986
50 1.500000 441.484986
50 2.000000 438.073188
50 2.500000 441.484986
50 3.000000 438.073188
50 3.500000 438.073188
50 4.000000 441.484986
50 4.500000 438.073188
50 5.000000 441.484986
50 5.500000 441.484986
50 6.000000 441.484986
50 6.500000 441.484986
50 7.000000 438.073188
50 7.500000 438.073188
50 8.000000 438.073188
50 8.500000 438.073188
50 9.000000 438.073188
50 9.500000 438.073188
60 0.500000 438.073188
60 1.000000 438.073188
60 1.500000 438.073188
60 2.000000 438.073188
60 2.500000 438.073188
60 3.000000 438.073188
60 3.500000 438.073188
60 4.000000 438.073188
60 4.500000 438.073188
60 5.000000 438.073188
60 5.500000 438.073188
60 6.000000 438.073188
60 6.500000 438.073188
60 7.000000 438.073188
60 7.500000 438.073188
60 8.000000 438.073188
60 8.500000 438.073188
60 9.000000 438.073188
60 9.500000 438.073188
70 0.500000 438.073188
70 1.000000 438.073188
70 1.500000 438.073188
70 2.000000 441.484986
70 2.500000 441.484986
70 3.000000 441.484986
70 3.500000 425.510187
70 4.000000 425.510187
70 4.500000 438.073188
70 5.000000 438.073188
70 5.500000 438.073188
70 6.000000 438.073188
70 6.500000 438.073188
70 7.000000 438.073188
70 7.500000 438.073188
70 8.000000 438.073188
70 8.500000 438.073188
70 9.000000 438.073188
70 9.500000 425.510187
80 0.500000 438.073188
80 1.000000 422.098388
80 1.500000 438.073188
80 2.000000 438.073188
80 2.500000 438.073188
80 3.000000 438.073188
80 3.500000 438.073188
80 4.000000 438.073188
80 4.500000 438.073188
80 5.000000 438.073188
80 5.500000 438.073188
80 6.000000 438.073188
80 6.500000 438.073188
80 7.000000 438.073188
80 7.500000 434.788509
80 8.000000 438.073188
80 8.500000 430.494639
80 9.000000 425.510187
80 9.500000 422.098388
90 0.500000 438.073188
90 1.000000 438.073188
90 1.500000 438.073188
90 2.000000 438.073188
90 2.500000 438.073188
90 3.000000 438.073188
90 3.500000 433.575722
90 4.000000 425.510187
90 4.500000 438.073188
90 5.000000 425.510187
90 5.500000 438.073188
90 6.000000 438.073188
90 6.500000 438.073188
90 7.000000 425.510187
90 7.500000 438.073188
90 8.000000 438.073188
90 8.500000 438.073188
90 9.000000 438.073188
90 9.500000 438.073188
