param1 param2 Fitness
10 0.100000 434.617239
10 0.200000 417.600923
10 0.300000 417.600923
10 0.400000 417.600923
10 0.500000 434.617239
10 0.600000 434.617239
10 0.700000 417.600923
10 0.800000 422.098388
10 0.900000 422.098388
20 0.100000 422.098388
20 0.200000 422.098388
20 0.300000 422.098388
20 0.400000 422.098388
20 0.500000 422.098388
20 0.600000 434.617239
20 0.700000 422.098388
20 0.800000 417.600923
20 0.900000 422.098388
30 0.100000 446.738693
30 0.200000 423.510023
30 0.300000 422.098388
30 0.400000 422.098388
30 0.500000 425.510187
30 0.600000 422.098388
30 0.700000 421.894793
30 0.800000 417.600923
30 0.900000 422.098388
40 0.100000 417.600923
40 0.200000 423.510023
40 0.300000 434.617239
40 0.400000 422.098388
40 0.500000 422.098388
40 0.600000 422.098388
40 0.700000 417.600923
40 0.800000 421.894793
40 0.900000 417.600923
50 0.100000 417.600923
50 0.200000 434.617239
50 0.300000 422.098388
50 0.400000 422.098388
50 0.500000 422.098388
50 0.600000 434.617239
50 0.700000 422.098388
50 0.800000 417.600923
50 0.900000 417.600923
60 0.100000 417.600923
60 0.200000 417.600923
60 0.300000 422.098388
60 0.400000 417.600923
60 0.500000 422.098388
60 0.600000 434.617239
60 0.700000 417.600923
60 0.800000 417.600923
60 0.900000 421.894793
70 0.100000 422.098388
70 0.200000 434.617239
70 0.300000 417.600923
70 0.400000 422.098388
70 0.500000 422.098388
70 0.600000 422.098388
70 0.700000 422.098388
70 0.800000 422.098388
70 0.900000 417.600923
80 0.100000 417.600923
80 0.200000 417.600923
80 0.300000 422.098388
80 0.400000 422.098388
80 0.500000 422.098388
80 0.600000 422.098388
80 0.700000 417.600923
80 0.800000 417.600923
80 0.900000 417.600923
90 0.100000 434.617239
90 0.200000 422.098388
90 0.300000 422.098388
90 0.400000 422.098388
90 0.500000 422.098388
90 0.600000 422.098388
90 0.700000 422.098388
90 0.800000 422.098388
90 0.900000 422.098388
