param1 param2 Fitness
1000 0.700000 423.510023
1000 0.710000 423.510023
1000 0.720000 423.510023
1000 0.730000 423.510023
1000 0.740000 430.017127
1000 0.750000 430.017127
1000 0.760000 430.017127
1000 0.770000 430.017127
1000 0.780000 430.017127
1000 0.790000 430.017127
1000 0.800000 430.017127
1000 0.810000 430.017127
1000 0.820000 430.017127
1000 0.830000 430.017127
1000 0.840000 430.017127
1000 0.850000 430.017127
1000 0.860000 422.098388
1000 0.870000 422.098388
1000 0.880000 422.098388
1000 0.890000 422.098388
1000 0.900000 422.098388
1000 0.910000 422.098388
1000 0.920000 430.017127
1000 0.930000 434.617239
1000 0.940000 434.617239
1000 0.950000 422.098388
1000 0.960000 417.600923
1000 0.970000 417.600923
1000 0.980000 422.098388
2000 0.700000 448.089661
2000 0.710000 448.089661
2000 0.720000 448.089661
2000 0.730000 448.089661
2000 0.740000 448.089661
2000 0.750000 448.089661
2000 0.760000 448.089661
2000 0.770000 448.089661
2000 0.780000 448.089661
2000 0.790000 448.089661
2000 0.800000 448.089661
2000 0.810000 448.089661
2000 0.820000 448.089661
2000 0.830000 448.089661
2000 0.840000 448.089661
2000 0.850000 448.089661
2000 0.860000 448.089661
2000 0.870000 448.089661
2000 0.880000 448.089661
2000 0.890000 446.738693
2000 0.900000 448.089661
2000 0.910000 448.089661
2000 0.920000 448.089661
2000 0.930000 422.098388
2000 0.940000 422.098388
2000 0.950000 422.098388
2000 0.960000 422.098388
2000 0.970000 417.600923
2000 0.980000 422.098388
3000 0.700000 417.600923
3000 0.710000 417.600923
3000 0.720000 417.600923
3000 0.730000 422.098388
3000 0.740000 422.098388
3000 0.750000 422.098388
3000 0.760000 422.098388
3000 0.770000 422.098388
3000 0.780000 422.098388
3000 0.790000 422.098388
3000 0.800000 422.098388
3000 0.810000 422.098388
3000 0.820000 422.098388
3000 0.830000 422.098388
3000 0.840000 422.098388
3000 0.850000 422.098388
3000 0.860000 422.098388
3000 0.870000 422.098388
3000 0.880000 422.098388
3000 0.890000 417.600923
3000 0.900000 417.600923
3000 0.910000 417.600923
3000 0.920000 417.600923
3000 0.930000 417.600923
3000 0.940000 449.450365
3000 0.950000 436.814591
3000 0.960000 448.913115
3000 0.970000 422.098388
3000 0.980000 423.510023
4000 0.700000 423.510023
4000 0.710000 423.510023
4000 0.720000 423.510023
4000 0.730000 423.510023
4000 0.740000 423.510023
4000 0.750000 423.510023
4000 0.760000 423.510023
4000 0.770000 423.510023
4000 0.780000 422.098388
4000 0.790000 422.098388
4000 0.800000 627.344037
4000 0.810000 627.344037
4000 0.820000 627.344037
4000 0.830000 627.344037
4000 0.840000 627.344037
4000 0.850000 422.098388
4000 0.860000 422.098388
4000 0.870000 422.098388
4000 0.880000 422.098388
4000 0.890000 627.344037
4000 0.900000 422.098388
4000 0.910000 422.098388
4000 0.920000 422.098388
4000 0.930000 627.344037
4000 0.940000 627.344037
4000 0.950000 627.344037
4000 0.960000 421.894793
4000 0.970000 627.344037
4000 0.980000 422.098388
5000 0.700000 422.098388
5000 0.710000 422.098388
5000 0.720000 422.098388
5000 0.730000 422.098388
5000 0.740000 422.098388
5000 0.750000 422.098388
5000 0.760000 422.098388
5000 0.770000 422.098388
5000 0.780000 422.098388
5000 0.790000 422.098388
5000 0.800000 422.098388
5000 0.810000 422.098388
5000 0.820000 417.600923
5000 0.830000 434.617239
5000 0.840000 434.617239
5000 0.850000 434.617239
5000 0.860000 434.617239
5000 0.870000 434.617239
5000 0.880000 434.617239
5000 0.890000 450.678919
5000 0.900000 422.098388
5000 0.910000 422.098388
5000 0.920000 422.098388
5000 0.930000 422.098388
5000 0.940000 422.098388
5000 0.950000 422.098388
5000 0.960000 443.691813
5000 0.970000 422.098388
5000 0.980000 430.494639
6000 0.700000 423.510023
6000 0.710000 423.510023
6000 0.720000 423.510023
6000 0.730000 423.510023
6000 0.740000 423.510023
6000 0.750000 423.510023
6000 0.760000 421.894793
6000 0.770000 421.894793
6000 0.780000 421.894793
6000 0.790000 438.073188
6000 0.800000 417.600923
6000 0.810000 417.600923
6000 0.820000 423.510023
6000 0.830000 423.510023
6000 0.840000 423.510023
6000 0.850000 423.510023
6000 0.860000 423.510023
6000 0.870000 423.510023
6000 0.880000 423.510023
6000 0.890000 423.510023
6000 0.900000 423.510023
6000 0.910000 423.510023
6000 0.920000 434.704119
6000 0.930000 417.600923
6000 0.940000 433.575722
6000 0.950000 433.575722
6000 0.960000 423.510023
6000 0.970000 422.098388
6000 0.980000 434.617239
7000 0.700000 423.510023
7000 0.710000 423.510023
7000 0.720000 423.510023
7000 0.730000 417.600923
7000 0.740000 422.098388
7000 0.750000 422.098388
7000 0.760000 422.098388
7000 0.770000 422.098388
7000 0.780000 422.098388
7000 0.790000 417.600923
7000 0.800000 417.600923
7000 0.810000 417.600923
7000 0.820000 417.600923
7000 0.830000 417.600923
7000 0.840000 417.600923
7000 0.850000 417.600923
7000 0.860000 417.600923
7000 0.870000 417.600923
7000 0.880000 417.600923
7000 0.890000 417.600923
7000 0.900000 417.600923
7000 0.910000 417.600923
7000 0.920000 417.600923
7000 0.930000 422.098388
7000 0.940000 422.098388
7000 0.950000 417.600923
7000 0.960000 417.600923
7000 0.970000 432.691991
7000 0.980000 422.098388
8000 0.700000 422.098388
8000 0.710000 422.098388
8000 0.720000 422.098388
8000 0.730000 422.098388
8000 0.740000 422.098388
8000 0.750000 422.098388
8000 0.760000 423.510023
8000 0.770000 423.510023
8000 0.780000 423.510023
8000 0.790000 423.510023
8000 0.800000 423.510023
8000 0.810000 423.510023
8000 0.820000 423.510023
8000 0.830000 423.510023
8000 0.840000 423.510023
8000 0.850000 423.510023
8000 0.860000 421.894793
8000 0.870000 421.894793
8000 0.880000 421.894793
8000 0.890000 421.894793
8000 0.900000 421.894793
8000 0.910000 421.894793
8000 0.920000 421.894793
8000 0.930000 421.894793
8000 0.940000 421.894793
8000 0.950000 421.894793
8000 0.960000 421.894793
8000 0.970000 422.098388
8000 0.980000 421.894793
9000 0.700000 422.098388
9000 0.710000 422.098388
9000 0.720000 422.098388
9000 0.730000 422.098388
9000 0.740000 422.098388
9000 0.750000 422.098388
9000 0.760000 433.575722
9000 0.770000 433.575722
9000 0.780000 433.575722
9000 0.790000 433.575722
9000 0.800000 433.575722
9000 0.810000 433.575722
9000 0.820000 433.575722
9000 0.830000 433.575722
9000 0.840000 427.717013
9000 0.850000 427.717013
9000 0.860000 427.717013
9000 0.870000 422.098388
9000 0.880000 422.098388
9000 0.890000 427.717013
9000 0.900000 427.717013
9000 0.910000 427.717013
9000 0.920000 427.717013
9000 0.930000 417.600923
9000 0.940000 417.600923
9000 0.950000 422.098388
9000 0.960000 422.098388
9000 0.970000 417.600923
9000 0.980000 417.600923
